2377.88
2910.66
8458.14
1522.08
5855.37
1934.75
8106.23
1735.31
4849.83
1518.63
3669.57
4917.36
9100.94
2652.57
8931.88
2203.51
6317.98
5710.77
3321.58
1044.55
5029.31
5673.94
8541.65
401.409
1080.22
6393.96
131.11
7201.84
1018.14
4829.45
2543.55
6766.97
8967.82
7598.96
7202.92
9076.23
9286.11
3776.63
8997.56
7788.8
3242.55
1942.31
9955.53
1612.96
7080.34
5015.19
9363.01
7163.23
1051.9
2092.05
5593.97
7054.32
782.337
5105.3
1961.97
2742.11
6386.02
4482.08
398.718
4672.51
777.565
381.004
1600.44
3978.32
6888.98
5347.12
6869.2
2724.57
4659.33
2765.55
4500.86
9350.69
869.318
4538.89
9456.25
8557.19
1209.76
141.639
2345.15
8663.13
4373.9
7695.48
8740.03
3769.34
9443.28
7984.93
8386.34
9466.56
5860.52
5991.63
3193.47
4211.62
9041.07
1584.62
8351.59
7319.42
4918.37
2121.29
1197.52
483.631
4260.26
3257.82
1046.62
4289.16
6231.48
6187.0
7799.97
4880.31
9895.5
9258.51
6421.74
7473.65
9565.69
5159.66
2213.98
2996.32
8101.62
63.5903
2805.7
9191.72
3673.8
4072.52
8745.03
9522.6
9903.6
1504.04
5482.36
2371.34
7718.46
4587.66
7312.23
1971.55
4737.11
9237.97
8588.66
9457.98
3996.86
3453.12
2010.31
3220.08
3361.71
5706.86
4370.0
8743.9
6439.38
5179.41
8948.74
8392.02
6376.95
4763.29
4229.85
90.3642
6081.99
9275.47
3487.08
2528.15
4112.77
2464.36
9783.78
4702.15
6823.45
8020.97
8504.6
2764.86
6022.68
7069.3
1358.46
7589.94
3776.94
1576.91
6457.22
6352.73
5611.24
2032.98
9506.63
9072.32
4231.98
6445.96
9442.28
7543.9
7607.49
413.186
9604.91
3278.71
7351.23
6096.26
5618.85
5522.45
7026.5
2508.86
4880.21
2598.66
7186.32
4498.55
6470.1
1207.21
445.171
9033.83
8491.8
2488.67
5941.79
7952.1
1172.17
4533.89
240.753
4610.75
3354.65
9794.03
4973.44
3922.18
2314.2
8691.15
3454.44
7684.28
7774.65
3856.64
3132.11
6619.19
9147.34
3260.11
5724.47
5508.25
210.396
7033.84
5054.81
3559.41
6324.27
2346.95
9416.25
774.716
8364.66
2141.6
3718.51
175.735
6528.46
2139.7
4172.68
3679.31
2751.64
6983.62
3429.59
2871.87
415.765
8023.25
8436.44
8041.35
1320.05
8671.28
4767.54
386.389
5908.84
2935.34
5444.2
324.41
2923.07
109.39
4607.94
1078.03
2285.24
2730.41
1764.24
256.045
2744.71
8686.5
6638.6
7810.77
2344.66
2585.42
7196.17
550.814
344.843
5318.28
9240.46
1554.66
245.813
3700.25
1384.54
9159.18
3015.83
6147.93
2767.12
1914.46
5174.57
899.034
6407.28
6617.68
3651.52
8706.33
2265.74
8590.01
936.968
353.22
1127.94
9492.59
1634.19
5352.7
5528.44
2056.9
4196.6
8369.28
2048.6
4800.23
1783.86
5213.44
8085.31
8501.07
6524.33
4960.77
3002.11
4322.17
2993.45
7760.98
8147.37
4056.21
6991.55
2435.76
2760.17
5683.24
5792.63
400.565
1478.6
3763.84
6494.25
8258.49
8514.54
1259.25
9945.75
6584.35
4395.12
6739.79
9325.2
6521.37
7072.18
7417.02
2735.3
1975.76
3530.42
3776.24
7476.49
8861.02
8020.21
1036.03
7183.96
9951.09
1865.55
7040.11
7939.15
4346.43
964.105
4615.62
3321.95
5587.69
4177.71
5114.68
5467.9
6595.83
6088.42
7722.61
3075.31
8603.75
660.65
4857.25
3226.54
5275.13
75.3681
1859.22
7072.66
5157.97
3659.05
183.374
5144.14
8146.25
2468.42
5461.86
3222.85
1370.21
5426.43
2417.98
4853.74
7613.91
3297.14
9089.77
9490.34
968.939
4732.78
1227.03
9485.52
8000.06
9259.31
9205.06
5789.41
184.528
6924.31
6249.52
2770.88
9843.06
7260.09
9995.39
1971.15
5501.58
9277.81
6754.3
5615.32
3635.53
4671.56
1855.53
1806.61
3672.16
712.273
8651.42
2997.85
3961.95
8577.58
1899.53
7487.22
1664.93
6779.61
2247.5
8843.34
4931.76
2654.37
5729.69
4333.44
4994.09
9851.34
3077.88
8353.01
8428.38
287.602
7360.27
2518.24
6177.29
6360.66
1504.8
9651.05
2119.47
7581.34
804.18
2174.39
7600.82
18.8016
4872.54
2486.44
5783.59
4873.36
4363.7
5332.64
65.4204
1292.45
777.972
8778.03
8037.34
7242.39
3031.8
3216.33
140.639
6390.15
9161.04
9004.1
6264.19
6259.58
8230.73
3732.31
3010.12
9764.42
5379.74
9015.27
3686.83
5542.36
7348.97
1021.13
1733.4
384.823
3382.67
7344.63
5922.2
7821.73
5308.95
6973.88
3753.49
6000.99
4844.33
9776.09
2430.46
8160.15
2493.59
7487.68
7339.03
416.902
8769.91
7198.29
7485.89
4846.16
7364.4
3541.68
9902.34
1407.14
1058.2
3177.67
759.002
1563.18
3737.58
1338.4
1357.2
6229.74
8716.18
4499.77
9373.14
3736.84
9069.48
9134.9
427.351
1205.32
9983.35
8020.69
5263.08
8294.88
1511.2
1651.84
8042.0
7203.03
6207.13
2471.32
8730.9
6961.63
693.941
3704.06
3468.48
8848.23
7863.5
1550.33
7092.69
4441.66
5462.78
7196.19
7581.01
963.681
8308.31
4230.51
2052.24
7361.19
4335.07
8088.56
4089.55
8933.88
8709.97
1140.43
9300.59
1794.18
9281.86
6620.89
7037.79
5807.7
3005.99
491.88
5338.04
2702.43
6244.12
6146.46
7553.61
8611.8
1789.47
2548.47
4111.65
7849.23
9187.63
544.826
6774.57
5490.75
9990.52
9363.66
3100.5
2169.98
1304.88
1732.23
2937.55
2920.91
941.593
6204.67
4499.55
6010.75
7662.6
5704.59
2907.62
9114.76
1586.07
316.973
7278.6
7972.55
1676.61
5145.09
3993.32
1856.82
3407.14
499.83
4941.48
404.269
7600.46
5181.46
6145.15
4453.45
8683.96
736.2
8097.39
2432.46
521.023
4610.58
3544.46
2254.43
3394.86
2695.44
4489.62
3771.49
392.373
7430.16
3237.86
6243.85
6735.73
2073.77
4776.2
1020.32
7166.78
4720.39
3332.19
5121.66
7670.13
1781.78
9631.01
8818.64
9363.46
6138.03
1628.78
1619.3
982.959
4083.46
6253.44
7558.32
9290.55
2228.1
5149.01
6090.6
2295.27
6794.82
2805.58
468.174
6172.77
9080.39
8195.15
9781.22
98.194
7376.8
5349.35
7025.95
2171.05
6164.37
8021.18
1428.32
1928.15
6869.64
7273.91
4874.36
55.8285
6200.97
654.428
9338.39
74.5887
8171.98
604.44
1125.46
5736.04
9280.5
1534.92
4929.78
7625.23
2114.85
5886.33
6278.71
3708.87
6946.73
3190.58
9926.31
2000.08
6776.29
7796.61
4963.39
9683.79
3015.98
8137.64
5807.77
7589.55
7220.56
6039.19
5402.66
1540.68
3169.46
4788.76
5771.72
9855.18
6108.61
3666.93
2957.48
5185.58
334.582
6425.18
8720.45
5515.28
8320.86
8789.03
4961.79
4042.18
2237.33
2018.55
2116.75
9493.54
4842.89
1868.84
4039.89
204.256
8225.44
9653.76
1581.92
8451.56
5725.46
599.828
655.656
6856.63
7511.06
6849.45
6924.04
5096.01
5700.45
6825.92
2561.96
1842.45
3377.37
8307.16
5932.38
8047.23
3933.56
212.271
3921.14
867.869
4058.45
3984.76
5984.85
2761.14
557.746
5521.14
5204.93
8220.9
6358.54
2166.31
9755.86
6976.41
3015.61
8418.26
9958.95
3128.41
7917.17
3688.89
3544.07
9652.68
3319.61
6277.08
1462.66
1797.24
8222.42
6942.88
2458.15
779.01
9568.04
4529.83
8572.02
809.349
2827.9
4944.65
4438.19
9281.08
1149.92
5189.81
5394.07
3619.5
3273.27
4855.18
3306.74
9032.2
9632.03
287.686
7144.32
4655.37
1504.82
8428.86
3524.87
9225.33
6051.25
8613.2
455.656
3833.03
2140.19
8072.57
6119.8
53.3623
265.633
4186.77
5054.64
9113.09
3097.86
9082.7
1843.84
2401.59
7922.73
3127.65
1348.56
7707.1
9873.41
9629.27
6605.68
9621.29
8039.55
7998.5
1126.91
9044.08
2732.97
6277.04
5929.72
9249.33
5526.41
6989.07
8786.32
7008.74
3951.62
6409.77
7188.78
6756.82
1286.65
9858.67
668.02
3495.92
8440.57
2878.76
2159.83
3309.76
8499.57
3893.64
7513.14
786.409
5641.59
8948.33
7980.53
7612.56
7900.24
5044.56
9699.93
1204.76
9633.62
3158.49
2383.82
8435.06
7048.27
7503.92
1336.95
3477.14
1549.71
7669.5
7722.87
7988.5
2175.27
7229.91
6343.0
9440.86
8523.56
367.403
2768.99
691.718
3819.37
5167.93
2875.03
2748.44
2377.71
8983.39
8604.68
6644.23
4642.73
5769.64
4813.72
7546.69
3823.73
9753.46
9002.79
4529.2
1518.28
304.592
7313.33
1264.95
7674.72
4863.5
1620.32
2906.97
2765.64
3433.66
6929.58
5370.15
8248.91
408.739
3718.5
2218.07
6111.7
3624.85
4411.26
52.8459
9001.17
6981.7
4594.26
2494.5
7539.06
7239.0
8443.76
8077.37
1235.86
3619.68
2054.74
9103.0
6606.93
7943.88
1421.01
2970.72
640.223
8363.09
6351.59
8526.86
5756.77
2099.77
1540.63
64.1908
431.594
3200.58
3892.3
7711.67
2879.61
5754.64
8503.08
880.783
9864.17
8468.84
5113.07
9755.8
5525.44
339.166
7885.86
1709.59
1463.05
465.835
4995.04
6513.31
6817.9
4131.23
5396.18
3070.9
7934.4
9554.72
2461.7
5227.34
8661.01
5590.59
960.743
9209.65
9618.39
3336.88
5554.95
1666.65
5291.5
9702.76
9755.6
8756.77
5738.48
332.738
2827.24
366.305
7605.3
6049.06
4126.43
5362.29
8981.97
1036.71
139.715
6746.64
4690.52
6111.53
9082.25
9722.47
8085.56
4437.15
2964.01
8720.78
820.547
2361.18
2425.37
2856.96
6057.54
9949.84
7661.52
541.124
6295.76
4798.84
5679.62
5543.79
4012.63
9125.71
8881.51
4406.95
4746.12
2631.98
4341.57
5804.62
6270.46
1265.49
7778.8
4596.71
8727.94
4124.12
7195.03
5129.43
4684.16
7145.85
2373.2
1034.21
6624.8
7585.54
6795.19
6413.58
9750.46
5305.41
6972.06
2263.56
1966.32
1721.92
478.696
6217.17
6549.91
9377.15
9743.46
7348.76
3397.82
7524.26
2886.55
1868.52
2905.23
3044.94
9791.59
4482.1
593.635
9675.89
9398.36
7483.93
1921.08
4885.09
3605.86
4426.41
6787.59
9212.95
2069.91
8127.46
8077.3
5738.82
6279.94
2575.7
7374.54
3054.16
8597.95
2610.59
1736.29
617.804
5024.76
9770.88
2402.85
6744.43
2549.05
8819.51
85.0015
7863.81
2460.51
1188.45
5312.58
2507.6
7637.03
2321.19
9467.04
1840.24
2874.44
9499.24
7084.79
3879.98
293.553
44.0142
5349.43
2321.49
4585.05
6551.37
8273.29
8751.99
4969.16
1519.07
896.225
639.682
7988.44
1386.27
8910.52
1797.07
3665.59
6570.82
9615.76
9407.35
3889.45
4483.09
4158.97
3557.34
1041.26
2962.34
7847.42
1453.29
5879.7
2667.28
1880.23
3950.14
2077.6
154.902
5893.72
2173.66
4749.37
2123.91
5178.07
3776.03
6386.61
8122.91
8740.71
3765.47
3536.34
5939.2
2683.63
5232.68
4052.19
4137.19
2000.99
4461.5
5649.96
962.532
3470.13
1107.17
3428.36
2895.4
4735.64
7610.08
7109.33
4194.11
8074.09
8367.64
8411.65
3761.08
6082.57
667.62
7218.99
5492.29
4244.28
9213.44
732.513
1628.74
2268.42
256.863
1643.13
553.651
2350.72
6016.31
2587.13
2202.89
1610.24
5499.69
9982.78
4141.76
7699.09
8740.35
1702.69
9550.11
1003.4
6883.09
9550.38
1430.61
5380.75
7458.35
7613.26
3506.98
5680.64
430.01
2553.92
7731.99
1508.02
7894.63
6017.54
4758.25
8523.72
2060.06
7999.26
682.891
5915.57
9967.75
4104.94
6105.93
567.439
6217.4
7179.93
650.063
1757.23
5185.59
8080.98
2816.62
426.704
7536.03
1730.14
9804.23
8171.86
6583.52
344.595
6427.16
7094.78
4313.78
9806.06
4050.34
3263.78
3996.29
5625.03
7893.45
8150.31
9793.44
347.094
2697.82
8714.13
1301.26
3504.15
5114.39
614.084
596.865
4738.62
2437.71
1178.07
2880.76
2430.87
3434.27
317.366
9867.74
1298.35
6679.1
4137.46
1750.71
5257.69
938.329
1368.34
3922.26
1654.25
3162.27
1056.91
7074.45
1832.7
356.416
2416.48
415.744
1098.63
7014.2
6981.96
1086.9
7192.83
7760.27
3977.67
1157.6
1807.66
3564.89
8750.48
6831.46
9648.08
74.7874
7610.82
9340.96
9145.18
7317.05
3900.56
4245.16
672.322
7767.1
2080.88
1886.94
5937.29
9201.07
3197.36
8822.39
6715.84
4866.15
4659.59
5006.69
7704.5
6418.63
7719.88
1224.03
6338.42
6952.51
7549.37
2287.99
4725.71
5903.77
8784.53
1215.4
4649.67
4967.04
4834.78
6133.13
2812.23
6949.68
8700.39
3958.08
4896.41
6264.75
187.011
1841.27
5003.54
6060.45
3134.89
4967.59
5324.0
7740.48
8156.23
9254.86
6269.07
3251.02
4337.92
1530.76
9291.03
3268.7
4426.3
6233.96
9798.86
8549.33
5380.8
5028.88
5103.67
2714.48
2055.44
1200.62
8517.67
2418.24
6663.4
7335.72
5102.82
7183.7
9070.65
5007.93
4209.0
7406.36
6228.74
2944.58
7810.73
2470.33
7477.01
5181.52
1600.15
9320.03
544.061
6882.48
3834.99
1384.36
3672.35
8398.06
4301.83
3086.36
4301.76
8951.43
3918.47
8753.25
4886.38
7698.61
4648.29
3348.68
7306.77
2203.18
8467.93
8654.94
496.206
5499.75
1560.19
4695.08
9662.67
4986.68
2727.16
883.389
138.253
6407.32
9658.34
3996.27
5527.03
4818.06
8086.77
2513.07
8747.03
8545.89
7095.22
2476.02
7504.9
2608.57
5323.05
7378.49
8579.11
7096.78
9515.02
6178.41
3514.13
8616.95
5800.66
4871.3
9879.24
4088.23
1494.59
7723.33
667.917
8478.65
948.978
8425.99
3607.51
5207.66
4527.68
5071.75
1954.23
5789.22
7173.58
845.93
9243.99
3545.82
6632.17
933.935
9885.37
3803.84
2557.09
7443.47
5142.07
9790.36
3139.05
445.814
2648.99
1116.92
9771.86
268.067
5767.81
7328.0
2023.09
1685.76
6672.43
9399.59
282.982
421.234
6828.55
6486.9
483.168
6010.2
828.26
8915.03
1428.1
175.129
8721.02
5816.24
8292.26
5797.16
8405.72
3728.77
1107.26
9686.38
6783.16
6298.18
2476.59
5990.73
4607.68
408.336
5279.64
5158.88
9247.11
741.699
8465.03
9132.95
7611.6
8560.58
6986.57
594.079
5801.73
329.419
5401.17
7355.39
3144.61
318.191
1164.12
408.108
3953.92
586.099
1520.03
1405.4
5209.24
7766.33
5209.79
351.865
142.227
3281.27
3727.09
6376.08
7493.0
7264.86
7532.93
3300.74
628.744
2651.83
4337.59
1010.02
409.612
692.594
1113.83
7942.38
4429.28
4912.45
922.647
1750.91
665.934
2094.03
2269.16
990.177
6806.42
5098.68
895.834
9301.56
3030.33
4137.59
3823.97
607.125
6905.3
9381.9
5372.62
9980.3
388.641
5668.28
827.157
74.2667
815.966
9281.0
8413.95
6025.55
4586.13
1572.7
2166.77
7968.51
8297.93
3699.09
1054.49
4199.1
4517.29
5681.41
6089.52
43.447
629.546
2149.58
3554.98
8764.22
6530.55
1740.34
2092.21
2234.43
5515.71
9242.79
5618.87
3111.87
376.736
7909.66
1210.4
1839.15
4490.98
8828.57
9838.58
248.197
940.79
2054.62
9997.0
4426.28
9338.73
261.378
2012.29
2678.22
4772.25
7041.41
8031.59
4838.0
9936.68
832.514
134.071
3164.4
7301.99
1125.95
1733.08
8638.38
8020.28
3392.91
3373.21
3761.85
9430.14
257.294
331.561
1147.53
428.524
8842.47
4868.02
9454.15
1026.84
3193.61
1162.12
9460.05
3159.15
4213.64
8412.74
2930.03
8611.45
4700.97
4744.42
5373.96
7523.54
1078.52
9842.74
6373.29
8113.63
205.836
2440.27
7955.97
7198.77
2817.64
5929.52
6306.25
4215.92
5426.32
7265.47
1756.45
585.013
423.598
671.795
1612.58
3667.2
3664.2
8090.49
7429.22
7690.6
9702.88
2381.1
7153.35
4194.76
2226.34
7064.35
7001.03
7833.54
7967.61
1132.01
8434.0
9559.96
1293.04
9931.42
7951.71
1344.61
4717.83
8479.68
7909.82
8167.11
8498.67
9646.2
74.7229
8917.2
3785.21
3239.36
4266.2
7459.81
8621.94
8081.99
1241.14
5454.77
3867.51
6797.54
5408.99
109.957
4854.37
228.335
7751.88
8830.4
8673.14
5046.43
3160.06
3365.89
5806.16
3762.14
960.904
3778.55
9708.06
6014.31
230.23
5656.55
2922.02
4678.47
5263.48
5687.08
6358.88
7971.46
1638.66
5302.87
3393.35
822.573
8513.17
8216.05
597.151
7750.5
1945.26
4171.6
1235.95
8236.98
6070.52
4038.13
5170.15
3604.15
3164.1
4457.14
4388.56
2340.27
3684.88
8402.71
6882.39
4792.21
2959.32
1457.99
1104.19
1178.91
96.109
3881.32
7120.68
1386.88
8846.7
7468.64
5550.63
6791.77
2246.54
6114.05
2911.59
8320.58
8430.54
3284.91
3513.24
1265.12
95.5176
8768.66
3815.08
6975.14
341.037
6147.2
9909.34
870.239
4648.78
4356.85
371.159
601.389
6257.94
9179.96
3858.43
9121.92
4809.0
1167.87
9139.33
777.999
6080.87
9474.22
296.795
8809.96
7026.01
7623.17
5373.67
7318.92
1490.53
2726.48
963.454
7033.97
1072.11
6242.25
9846.4
3010.5
7467.64
1856.21
4196.48
7881.36
6284.06
3166.45
7958.66
917.982
2375.97
3480.17
4659.08
4755.19
8636.51
5757.2
7144.08
5990.78
3459.42
9010.05
5801.81
8048.35
4162.4
7074.0
5394.58
3825.11
7110.02
623.269
1888.39
1983.91
752.563
4567.65
1542.79
1883.83
8031.03
7940.36
8810.6
3459.39
7816.23
8187.39
8788.78
5046.72
4226.69
8085.12
7207.03
2016.03
3183.91
2323.24
3101.24
9182.11
8656.33
8953.13
7763.09
4789.1
2412.27
7785.94
5104.86
6595.39
9321.86
285.317
7319.29
8391.4
4633.65
4480.05
7490.55
4958.2
6814.4
1010.88
8892.23
5176.3
8342.75
6301.42
7219.4
9595.37
3075.54
7734.62
2489.81
1126.32
6883.52
4027.6
18.3774
3477.8
2487.84
8289.66
6338.01
500.418
7574.41
2968.99
6794.11
3904.13
4527.4
6415.79
8399.69
9152.26
3719.91
5262.7
7146.53
5177.55
3117.92
1928.52
5387.91
3204.14
1391.53
180.313
5227.04
9453.72
7538.84
4745.87
6761.91
9945.81
2269.05
5370.29
4552.4
3208.73
2161.86
9924.95
4714.05
7126.32
4912.26
17.1207
6612.51
5934.37
6219.69
3538.98
1930.37
6564.02
1044.07
8534.62
3492.81
307.217
1318.09
210.329
5386.63
3729.38
30.7968
7250.19
6845.57
9921.11
7655.72
145.531
1271.85
8155.37
2182.96
2201.34
5679.14
8166.98
6456.64
2794.65
3295.07
869.483
3838.48
632.581
4536.71
9064.11
5479.9
3879.59
3031.85
6751.75
2014.45
9160.98
4338.53
7456.45
9384.96
4772.87
7977.01
9368.54
9548.85
4775.89
4229.61
1768.45
6514.33
3276.23
3222.05
5491.1
861.397
5413.8
8622.53
784.394
709.343
5423.4
2549.72
7461.98
7479.1
4091.61
25.9815
6245.67
9784.65
1715.02
8279.04
9323.11
7857.73
1350.54
1657.76
2975.85
3186.18
8572.81
2302.19
2332.99
9583.18
6428.75
6349.86
4005.58
4151.11
5422.96
3578.33
5761.29
7962.63
3641.76
1808.74
8265.38
1060.03
4355.1
5224.59
9063.06
9695.64
4232.35
3296.46
8776.36
2655.95
5687.8
2439.56
4454.01
3614.98
7953.52
5409.96
4794.93
9567.8
7544.8
6913.34
6462.2
1238.09
5467.7
7236.15
3750.48
7026.71
248.758
5739.86
6601.26
2015.06
637.591
1421.98
2131.33
7554.73
104.448
7566.43
5045.53
9137.14
9163.13
5408.79
5193.44
6908.46
5187.5
4510.61
2368.34
3718.88
5376.64
8352.49
1538.68
111.488
2413.68
4746.67
4329.85
758.602
7108.46
1114.04
5265.15
688.113
4266.44
27.7284
7990.36
1632.12
3440.87
1706.25
2766.28
7121.39
2345.97
1409.04
1104.68
5337.03
8633.49
7409.85
65.8044
5753.61
8193.16
2647.17
6262.15
4215.67
9625.63
4420.56
3988.35
1533.16
8446.5
4908.7
6146.78
1614.48
8850.63
2601.11
9627.82
9876.58
5616.44
2217.7
4232.75
4870.35
6292.33
8423.66
5978.39
6082.83
3649.26
8694.8
7831.94
6995.07
2403.86
7597.3
4505.76
9693.26
4203.87
6572.21
291.094
5667.73
4020.23
5558.91
5670.39
8084.07
2830.74
7160.59
7919.19
5027.65
6141.69
1406.85
2094.96
6361.4
6389.13
4379.48
6011.61
9452.47
1158.72
3925.01
1046.39
3392.37
4801.4
5906.08
1243.11
9876.6
7286.46
7352.26
3105.87
1299.03
3946.2
208.349
4424.02
4049.65
8470.2
2458.55
3991.71
2438.21
7346.91
3493.69
5108.18
3958.81
6559.92
6187.74
6064.32
1680.76
3898.46
8131.21
3001.56
9293.89
7717.55
3695.93
9778.77
3428.03
2122.83
9954.77
6949.84
9353.7
6951.0
1456.76
1150.03
5353.9
1926.11
2217.21
7884.94
1905.17
7464.07
3134.47
1218.54
4049.28
1209.87
9129.07
4156.72
298.412
1705.26
3800.22
161.612
6550.74
930.22
6941.83
6394.3
7553.02
1478.03
2524.42
5916.79
718.189
6624.27
7867.38
7743.98
5030.44
2382.7
5488.57
6787.6
733.79
942.139
5366.16
9415.8
7886.01
344.56
4336.27
6774.48
4121.39
7615.08
2723.26
6682.07
3241.99
9429.73
5494.05
7174.81
1073.27
9204.48
2206.04
1499.93
9217.47
2913.41
2692.17
6120.2
8243.03
8197.8
5147.64
4501.33
1452.33
2909.1
4059.12
9413.02
1339.14
3556.34
1441.28
3346.45
810.524
3944.99
5163.53
9212.81
422.681
9551.75
3708.47
4006.88
5712.14
9512.35
9673.96
6224.7
7154.92
4096.75
491.042
8044.06
9522.09
2046.51
7963.29
8681.48
5305.75
3173.13
917.117
5947.56
8330.26
3818.83
606.422
1340.21
2282.35
7648.51
7064.31
4950.32
5294.88
9631.15
6405.63
527.021
8142.11
865.367
7547.44
789.43
219.161
5713.21
2888.02
3961.29
3165.77
5371.81
6871.73
6089.21
9002.61
1694.79
7814.99
6058.02
4255.82
9403.46
3904.79
5357.12
8266.22
2325.34
1738.36
3077.5
6633.84
8075.12
1421.57
2232.09
6177.09
1340.62
553.425
976.106
527.853
4236.32
8243.2
3955.33
3467.68
3141.64
9366.34
6521.26
618.009
1109.05
9153.11
8675.2
721.707
8685.0
7366.48
2672.24
5845.37
6762.48
2710.04
1040.3
4859.13
5465.55
6805.76
9088.12
6736.62
3800.93
8751.25
4046.13
3677.28
82.9066
609.928
8752.03
9617.4
7164.84
7954.27
8173.43
3886.64
6774.67
735.958
3901.73
9273.54
6145.27
2234.48
1237.09
2931.88
746.866
6804.89
1060.71
464.165
4368.95
9726.07
7992.29
317.629
2055.99
5133.48
1767.32
9842.44
1264.01
3496.1
9673.19
1013.81
1567.23
2543.34
3071.19
7307.51
5550.71
9506.04
2973.72
6115.36
5481.7
2002.97
2620.98
3730.03
2883.14
1558.34
2280.05
965.048
8331.53
1003.77
6849.13
3611.62
6321.66
7361.96
2221.09
7686.64
4492.4
3580.52
317.142
4118.08
2869.33
6915.46
592.732
675.639
1285.57
37.5995
9655.0
6819.84
4774.11
2947.54
6834.18
3608.85
4344.81
8246.53
7520.07
3665.34
5899.81
7136.9
68.7781
815.644
7620.53
8681.24
9145.41
3514.36
3240.43
1232.73
1550.35
3606.34
8739.83
507.147
349.588
1613.6
5109.7
4782.89
5796.7
7363.93
9907.27
2978.46
285.97
5836.68
5342.71
8316.43
4431.79
9913.49
1916.46
4537.44
8267.47
1150.61
2708.95
4989.0
5954.05
4285.58
5289.34
2138.48
5750.1
2071.76
9433.72
1654.81
9341.45
3833.85
7414.37
7731.51
1849.59
4718.91
1634.37
2227.1
2902.74
4188.3
4225.9
3880.9
700.744
5474.85
8422.39
5256.58
8865.42
3210.23
1456.77
8976.84
2642.17
8541.99
5678.89
5747.67
6563.31
4183.85
2865.09
2010.49
5524.85
8765.29
9998.01
1548.36
5154.71
3894.53
4401.68
4751.27
6364.87
1474.57
6257.46
2054.16
9418.09
9325.36
2303.83
2589.8
8426.47
3769.18
2085.61
6517.4
6430.9
8347.36
2884.8
1152.27
2302.88
5011.83
0.833985
5954.88
240.46
5529.8
7668.28
3418.38
5490.13
4923.85
6578.66
5920.1
9753.95
7168.32
4899.83
6749.42
1468.33
3102.7
5329.8
8232.54
2420.84
6646.75
527.653
1228.4
6703.25
5125.64
382.22
9247.64
2457.88
3914.64
2891.48
5533.65
4075.64
9754.53
5502.2
2065.51
6249.36
9114.44
1124.93
6649.79
5415.07
5413.08
6961.45
2116.15
6010.69
412.367
5163.64
1528.5
3003.07
9260.54
1314.7
732.793
58.1572
2361.98
4951.78
3378.25
7147.43
9233.04
5750.44
2181.34
528.701
3413.5
4565.77
6868.65
1880.49
1881.32
7836.2
8076.66
3606.47
1274.75
4693.13
183.26
5107.11
1685.77
7605.87
7359.83
4528.15
9427.98
6177.4
7645.73
748.432
6078.23
4310.77
6731.62
3378.36
3906.02
5134.42
1837.67
6963.31
7345.53
6593.17
9051.05
2965.69
5857.17
1390.82
5466.46
5220.99
723.187
2788.7
9038.05
8152.49
9277.43
5927.21
1342.28
6755.37
3716.81
5832.97
1843.65
2256.02
7419.66
8948.16
1951.23
1211.77
2526.46
3259.26
3317.41
5679.4
631.174
4009.42
1156.86
389.899
6140.34
8321.68
8850.38
2263.89
6829.66
3698.31
5578.8
7460.12
5296.33
3372.99
6979.46
8254.21
2947.34
3130.6
8237.71
9923.47
7529.35
4889.17
9417.32
8845.3
5022.7
2668.43
3416.86
9495.1
3805.87
537.482
3915.85
7821.86
2956.28
4793.95
1757.26
9102.79
5695.96
4747.01
7712.7
3569.87
4960.69
427.15
5648.14
6371.33
9160.02
8198.08
6350.57
5628.0
1555.21
2897.5
9652.86
3369.68
9202.64
1046.3
3302.32
721.971
9670.13
1621.36
2833.12
5359.59
8618.84
1936.26
7615.65
8246.83
2256.25
3413.11
3803.0
9943.35
8265.03
7115.42
9379.3
6208.96
9907.27
5486.08
2946.2
8242.53
1615.52
8594.98
6849.19
9796.53
2927.12
1164.83
1088.31
8617.65
3506.82
2924.14
1769.45
6792.15
9460.58
2877.44
2372.54
6178.4
6715.89
631.732
8453.6
1409.87
6203.82
7961.08
7063.86
2759.82
7506.83
5219.53
8789.4
3750.09
4177.24
9825.38
6196.71
5356.73
3554.81
9905.38
5533.37
7088.59
9986.08
9638.95
3008.62
2211.26
3257.56
6559.87
7281.85
6951.98
8573.33
1406.46
6766.05
5384.89
7321.15
4936.8
3183.63
5439.88
8852.98
2655.99
2599.33
864.365
7979.78
7359.08
3568.04
3475.32
8961.39
1907.59
150.124
1765.65
360.627
7209.82
7006.35
9933.47
1098.3
2186.61
804.262
4311.09
7235.23
9004.68
5796.82
5257.4
8134.84
507.378
6685.78
3401.67
4033.4
2486.99
3896.87
100.687
8061.76
5125.62
7885.44
5392.28
611.809
9401.21
3151.31
7328.55
7153.93
3350.64
8707.37
2262.17
2167.55
7700.92
4789.51
4775.59
4414.54
7423.16
9634.42
2891.98
9451.85
6733.7
3685.67
2259.01
3665.47
431.516
5816.41
3137.56
8074.36
1257.98
6697.86
5550.84
8206.83
806.164
1670.53
9650.31
7009.39
577.437
4052.75
3014.15
4921.74
5071.87
6837.51
7198.14
4407.96
1414.3
1347.78
2446.08
4632.69
5436.95
9748.03
6983.26
5987.94
1784.76
7042.16
5177.0
5684.38
2370.16
5771.83
9805.23
2292.22
6189.09
6289.77
4351.54
9477.16
7362.6
2754.88
3366.69
2767.9
5919.21
3247.76
401.685
3752.32
2459.69
4721.86
6889.41
4590.33
9379.84
4155.43
8569.96
5993.12
5627.54
8519.52
7971.37
4705.07
8390.74
649.754
4315.22
4746.74
563.147
3700.7
1775.06
3033.04
9730.9
5281.74
3488.58
4294.74
5965.27
5615.58
2624.97
3202.41
7255.16
269.313
5191.06
262.924
7100.44
4298.58
8706.54
120.84
1468.61
3914.69
8547.38
3984.33
3732.36
715.625
6703.57
8488.33
5530.49
707.494
6391.88
8762.04
4533.87
4339.09
6631.31
2820.4
9110.18
3461.71
2938.87
301.479
3056.36
6423.05
9190.95
5110.16
8357.92
8759.6
2511.92
4971.61
9693.47
6582.88
1173.21
553.044
4708.47
3278.43
9271.55
4899.09
3418.6
1389.97
6095.04
4485.79
5135.54
9450.76
4197.5
4760.65
8461.35
236.41
3269.45
3000.35
8282.1
1770.67
6065.41
2030.68
7646.26
271.232
3473.64
728.804
998.116
6189.17
6452.1
3552.53
7851.11
6557.65
6678.49
8147.1
2061.79
609.171
4593.5
8325.86
9041.48
5745.05
4233.37
9763.87
471.36
6863.24
5625.27
159.141
4498.24
1129.55
3949.95
3060.13
6521.84
9460.71
9762.19
2818.55
9241.6
8432.55
3542.71
1900.63
660.231
3172.15
8143.77
7837.24
4420.12
5593.32
6146.37
854.839
4133.27
3404.82
8303.9
1722.51
3112.48
9207.52
3693.31
8828.85
8279.62
2477.12
7237.77
5699.12
5935.53
9204.98
2205.34
487.433
2258.11
8323.52
354.199
8000.46
8271.69
1745.33
2474.14
3472.25
9661.42
6113.52
9666.06
7517.17
4074.81
753.301
8900.4
962.194
1571.37
6164.86
4490.72
3532.2
9277.25
3510.62
3274.49
3745.85
609.084
6234.36
6393.5
891.734
2021.28
5971.23
9031.36
5553.2
5013.92
4776.11
7594.66
6836.27
5268.82
8811.54
712.167
1372.4
4544.55
2688.32
525.555
4945.67
538.997
6685.37
7540.2
1673.47
5078.29
3382.2
5104.7
8217.18
7424.71
1118.02
9946.87
8226.49
703.609
7941.38
3640.5
9576.03
8781.02
986.351
1473.78
3731.89
2055.41
2409.61
410.068
8681.76
427.091
2901.23
6373.48
6034.9
2148.43
1814.48
9331.65
3406.46
4159.76
3060.17
4022.36
5593.73
1758.59
6249.31
9781.51
9058.76
2569.38
5843.87
9589.71
198.798
6433.16
2826.65
3718.39
5739.67
1710.91
742.269
6295.47
1309.39
6085.5
3680.16
516.432
5785.25
4596.79
5308.96
6681.35
1225.91
3914.22
4439.78
9385.45
9924.45
6609.81
4150.02
5823.49
901.786
4283.98
9388.69
7605.87
5030.58
6148.6
6095.47
4321.96
5025.57
2966.95
6607.45
6183.48
4964.5
5950.85
7424.63
1156.52
3211.93
5621.54
6031.61
4713.37
5140.46
8041.69
4415.16
450.067
2598.49
4412.97
3744.62
7151.09
1310.85
4371.02
8393.38
3987.1
5745.69
1995.0
1776.5
835.258
3404.64
9248.5
8838.22
9037.01
5470.17
8296.82
2015.21
7754.88
9465.79
208.06
6503.53
7812.92
3898.42
7578.59
8095.02
3880.27
8477.06
3786.02
467.374
1693.28
5607.5
47.2834
9432.73
9357.18
5967.0
117.014
5940.51
6842.29
1126.28
514.965
8120.84
3151.42
9300.02
5395.49
9717.45
4743.02
7709.97
4317.42
500.905
5465.4
1416.25
8840.89
9997.41
3209.34
8830.89
4862.5
9575.86
4716.32
2758.01
7173.17
7623.24
221.732
4634.71
8379.33
5530.42
6841.27
1212.28
9605.66
3592.76
9338.45
1333.45
3109.95
3945.21
7349.84
6598.35
5436.56
4473.57
9943.74
8240.57
255.778
8010.66
7476.45
7684.51
4188.04
2000.97
5899.39
3477.97
1572.99
5453.27
3930.33
7716.35
8183.72
9877.0
5484.51
5531.79
4964.52
4321.71
288.702
405.716
6346.22
3188.52
4314.8
4829.76
2950.6
6102.01
5402.03
797.52
514.97
5257.99
2967.96
7285.38
7786.29
3251.69
4667.95
3508.83
3506.24
6715.59
5546.47
408.967
9984.83
4701.15
7459.16
4632.34
2255.58
2477.31
7112.01
5491.34
1021.76
7863.03
9075.31
8680.97
2273.73
1612.19
2945.63
6055.58
0.789128
7350.63
3948.98
9385.54
3859.11
3802.85
2043.42
2299.2
309.86
7786.31
5470.83
9658.87
1659.83
7559.22
1037.2
2610.19
8063.46
1993.79
9710.13
7893.86
7770.86
3255.36
8787.15
3751.67
8073.38
8362.08
8767.8
5114.02
8302.54
2617.34
7447.1
397.695
6499.71
1901.74
2699.26
3214.23
8472.22
1440.19
8725.57
6511.86
9763.55
4431.5
7940.33
1446.57
8162.16
3708.63
4117.59
4102.42
8803.58
6262.74
895.077
3150.65
5627.96
2739.98
8231.32
9253.08
7116.11
6191.42
4872.4
7146.13
8758.31
1703.95
7759.53
7760.32
5110.95
9059.93
8445.47
2304.58
6107.43
8150.85
450.052
759.912
8546.22
4017.05
3675.92
5335.75
2894.98
3932.17
6542.36
4605.82
6599.61
6309.74
4203.6
1974.45
5229.81
4016.97
7768.64
5842.02
4204.1
2971.9
8085.92
6388.46
9005.8
6452.9
6850.59
3350.3
5252.04
7951.3
1165.54
9637.76
1077.94
9803.51
6315.37
6078.92
510.417
8450.74
9897.31
8059.47
1768.1
5885.69
9988.12
8791.69
5054.44
5949.51
9100.16
4728.13
7468.1
5699.42
4952.5
2068.61
8260.03
3132.43
278.559
9036.87
740.821
8500.35
6260.66
1371.61
431.542
8877.01
1181.59
7289.02
5439.88
5889.93
6649.84
5196.07
9213.12
2889.03
8224.79
1119.76
5051.94
1594.3
6200.12
2799.73
9109.47
3313.06
5287.51
517.329
4534.29
2302.93
8144.95
2349.06
5320.96
3406.88
9795.35
8801.15
5254.04
2104.64
5454.94
706.983
8658.29
9823.82
9461.58
539.529
343.043
6658.41
2737.34
3247.75
1698.5
1595.81
9655.28
1423.38
7309.07
7297.18
6088.88
1143.31
7092.83
6192.99
921.116
8389.22
4088.64
9041.14
1109.75
9369.79
2502.22
2780.77
1817.65
2558.47
1058.82
7319.48
8691.1
9122.64
7999.65
9181.24
6470.26
1910.14
7800.06
4449.9
9645.97
8859.09
1748.12
9972.91
1092.67
6144.61
7738.91
3939.04
6738.76
5848.23
9161.3
4448.81
4966.14
9500.43
1803.37
9948.32
2297.38
7618.34
1025.22
820.563
9621.71
4875.75
6980.39
2435.33
3142.31
1800.6
1624.43
1086.01
1625.54
1968.58
8627.0
1364.34
4612.09
6310.59
7906.4
7561.68
8985.06
6294.13
3591.32
9680.19
823.507
7916.33
4109.32
5030.44
3419.65
7508.29
6549.43
7659.18
7028.97
9531.19
2311.96
4129.61
6688.08
7746.9
5066.38
3757.48
2880.12
879.764
61.0001
6531.26
8441.39
6241.46
691.364
337.334
9196.42
944.541
917.45
2010.12
8154.74
5893.65
9832.69
6571.45
2419.68
1580.98
6029.79
995.927
496.36
2299.73
2248.05
4545.43
2163.76
3188.98
4009.54
3631.25
8507.01
5487.4
7922.73
1065.04
2865.64
4490.07
5576.08
7201.62
9170.2
7797.2
9161.54
3773.63
84.2148
7990.62
5552.3
4537.36
831.492
4422.81
4103.0
4926.51
2842.84
6952.16
1982.6
5402.25
2910.55
9459.98
7119.16
4148.13
3679.32
5991.28
120.886
6808.96
4555.86
9622.24
3379.72
6259.84
7139.6
7200.6
3731.86
2173.25
8414.71
9106.07
9443.41
8639.83
9584.37
501.819
2511.94
666.681
6560.33
6393.02
2964.47
5384.15
6965.13
2994.92
3990.85
4487.21
6786.93
9034.98
3580.41
5744.17
8933.15
2942.7
6573.95
5080.95
568.349
8491.08
9556.12
2421.76
6911.83
2487.91
9689.53
8859.74
6656.94
5818.48
9592.1
9676.32
7666.93
3219.23
7756.59
8588.09
3010.89
7113.9
2040.4
4883.24
1835.4
3818.0
9220.26
2130.8
1590.78
8709.94
2858.07
6537.39
2528.67
2649.55
9458.52
4014.38
3636.62
7016.34
3276.18
415.774
7616.37
1348.23
3521.48
1936.19
1042.27
485.678
9125.51
8709.87
9211.69
1723.64
2390.32
8950.65
5343.67
8308.14
3692.29
657.425
3652.34
7643.19
2130.4
8917.33
7952.32
1532.73
7276.9
6210.05
9152.75
5726.7
807.649
1376.0
9867.08
9423.19
1844.96
8756.79
1244.7
934.233
9793.97
6450.91
2269.39
1861.49
1537.81
9204.74
2423.98
180.569
8768.65
1779.55
8893.44
933.848
5817.09
7652.5
1470.5
690.757
2821.56
4412.34
3122.28
5980.35
2517.74
5046.41
7695.96
7154.48
1168.86
4805.48
1821.82
5097.99
5513.77
3130.14
4478.37
7999.86
9936.05
978.32
1464.0
589.503
9299.38
8511.07
234.71
2625.03
1575.68
6919.35
5227.49
8919.79
9577.21
3229.56
872.748
3003.15
1920.48
9872.8
1405.53
8682.43
4892.48
4045.23
9771.93
579.574
1955.57
1822.65
1245.84
3090.8
1847.59
3092.29
4026.52
3820.49
271.398
2540.78
4402.28
5940.08
5144.83
7568.8
7749.37
6518.03
8297.57
7191.02
8124.87
3941.96
1594.45
3064.95
3755.71
6577.27
989.609
4111.89
92.246
2609.99
7656.4
5352.36
2506.84
3675.7
8481.17
302.992
5400.98
914.752
4044.89
8523.27
6523.12
6459.17
7437.49
8901.49
9490.99
8790.37
7301.44
7536.15
161.183
1736.86
8656.21
3883.71
2803.49
2380.71
5610.26
6483.01
9486.16
1406.64
1279.44
2684.96
1367.39
6259.87
305.097
77.0229
656.597
2612.17
4434.82
5680.66
8771.46
619.041
3711.33
7737.85
1558.33
1829.73
4370.52
8772.79
4712.88
9857.7
7426.5
5175.87
1693.9
9991.47
7182.49
5307.36
9249.31
843.768
3908.72
7664.43
4241.7
5231.31
9343.2
9435.45
2045.44
9701.84
5054.2
7561.04
1236.74
9717.91
20.9056
5421.89
6336.64
381.535
8904.8
5427.92
1887.09
9324.59
8226.08
7717.07
6507.44
3808.88
1345.04
1506.22
3243.08
1899.3
5783.0
8586.5
967.203
6577.47
3060.48
2546.63
3953.27
5232.71
7917.67
9285.06
5544.93
5850.02
5927.05
6583.64
9195.81
3630.63
9311.29
8082.75
8701.79
2413.11
150.96
1709.29
3539.03
7909.54
6682.34
1395.21
1252.91
8679.42
3855.29
5549.19
5540.67
2723.16
8030.52
7279.83
8123.6
2032.32
9696.75
3938.45
9169.76
8512.96
7948.41
9993.85
9695.69
4749.89
2310.93
3547.67
3265.58
3286.49
8708.38
5045.02
5426.56
4331.36
9759.28
1646.37
970.96
9197.04
6914.1
3421.54
7230.43
8575.46
81.6809
3324.76
5224.06
1007.06
9593.56
560.764
7138.23
198.707
2745.34
6698.62
1931.33
9849.0
9134.06
4678.98
529.009
6456.06
3039.7
2235.52
5866.15
5177.44
3260.18
1961.97
4375.09
4526.05
6235.34
9774.37
7683.91
4366.25
5761.46
7014.37
5693.79
9549.08
5098.28
638.943
3362.1
1392.62
8672.45
6796.05
8828.37
8525.13
2463.58
1633.34
146.308
8094.72
8088.57
7784.25
2534.14
4845.07
8392.74
1658.32
4944.81
3653.19
8698.21
4124.77
8456.12
8215.4
9861.78
832.737
29.7732
6943.88
365.422
7595.85
6171.31
6252.99
9577.75
4801.81
5808.88
5402.44
5963.2
3101.43
3300.14
6045.48
2744.1
4675.42
4524.42
3658.48
8337.46
8866.47
5322.53
8362.23
597.743
6463.89
1641.33
4901.51
6863.48
1238.57
5764.62
1999.96
1774.32
9458.23
3824.48
9585.94
6600.31
2294.1
1843.18
6941.46
7580.4
942.504
2335.12
1007.58
7803.63
6632.0
5157.13
7620.71
9254.05
9400.36
7495.08
5583.65
3367.9
5902.04
747.116
9139.86
798.18
5742.99
9396.18
8094.39
2219.16
675.284
8890.69
8752.47
9585.2
9614.98
6558.85
6924.28
4520.12
691.435
6944.43
6522.18
1324.0
7132.87
2535.31
8498.52
1599.95
4900.09
945.572
3689.67
8365.09
2889.51
6547.99
4885.45
3751.92
9074.45
7436.68
8034.42
4498.31
6139.64
1041.15
7904.63
9143.2
4907.82
6907.78
8682.1
8140.34
1964.82
1550.75
8151.06
445.162
2288.34
9229.8
6810.2
7752.71
87.8289
1095.41
8899.03
5531.04
688.169
8308.88
7562.93
6963.3
4458.38
42.0254
3409.93
9311.97
59.087
9198.94
9997.12
5740.11
5136.3
3230.69
5449.85
6125.13
5015.82
3768.28
3353.49
2968.46
9527.32
6451.59
971.715
1663.15
8607.58
5129.76
6453.75
3586.63
6121.94
4620.45
6220.4
1120.49
2066.06
5755.73
4120.83
7010.34
3558.34
8443.79
2195.71
1270.17
8706.84
6741.27
1239.58
7379.22
8420.37
6325.0
5468.21
376.028
7283.81
5965.91
4106.25
6071.06
7621.82
5772.88
6218.04
8506.39
7736.19
4546.39
2299.09
2386.92
3482.33
2381.36
7912.4
8600.57
6909.45
4472.38
1435.68
5894.06
5936.08
9346.01
8657.98
8717.07
7916.01
7913.13
3653.25
8789.54
2020.23
7470.08
3595.21
8611.03
2379.31
5732.8
8701.26
8228.57
4680.16
5651.88
7315.03
5922.6
1052.36
7506.12
1092.74
7214.68
1835.14
8055.54
9176.03
1242.1
6997.83
1118.66
8129.01
1687.34
131.132
2326.85
3597.01
2303.86
9045.12
284.699
7663.92
6084.28
2409.28
7877.49
8253.52
5537.32
1503.23
5609.48
1680.55
9302.36
5075.25
1293.29
9799.68
7535.86
2082.25
4381.35
6768.27
250.598
2631.96
544.361
9144.93
6054.38
526.762
1962.44
7856.5
3792.58
3138.59
1796.57
513.642
8429.65
6342.79
9996.04
8785.58
805.813
8275.89
1871.1
482.126
2861.44
8594.23
7295.49
5524.07
204.231
5856.11
3171.14
9093.74
146.106
7652.22
8744.97
5959.65
7794.79
5850.33
5026.36
6268.46
3266.29
4384.96
2513.96
4201.3
4332.44
6659.28
256.297
2560.15
1605.28
1889.97
9553.89
5638.17
8047.45
5924.94
4178.46
9715.78
1219.01
6828.5
8509.04
7811.41
2886.65
4179.94
3979.62
1515.48
3597.73
7979.08
4747.35
4997.95
7629.91
8174.27
7319.2
3373.58
3900.34
5862.78
3719.28
7511.86
650.454
2447.03
2960.67
1390.32
7733.11
7729.15
6514.73
7320.54
5596.43
7467.53
7949.66
811.095
9405.33
6700.82
2224.89
2429.12
8285.23
1456.37
550.109
696.215
8348.44
7093.4
3053.05
847.834
6698.16
1724.52
7992.98
1259.27
5644.23
8158.19
2359.5
6691.93
3351.22
3607.51
6167.67
7772.94
9662.92
9216.81
4854.98
2902.43
8827.37
3005.83
2721.61
3940.63
769.124
9278.17
7089.57
9976.23
4156.17
8135.79
9651.27
3249.0
1228.09
5975.44
973.384
8603.29
6777.56
4096.76
7470.34
1370.68
7233.46
952.741
8464.6
9115.06
1562.08
4522.75
5913.07
3646.18
1375.33
7890.06
5210.6
807.036
8274.57
6224.23
7035.32
6440.65
3141.47
5366.36
7795.47
6080.7
7537.07
8087.18
8783.39
7131.83
4225.23
7278.28
8126.11
4824.27
6548.79
4541.77
5801.05
1445.28
9603.47
1962.96
8654.89
2006.11
5613.62
1781.29
9554.23
9217.15
8433.95
3288.93
6191.36
5018.73
8024.57
746.178
4686.81
5455.93
4734.1
1823.67
1799.89
5956.06
4091.85
3743.12
6992.13
8220.21
4195.65
5169.03
3772.32
549.887
4646.65
2116.99
3487.67
721.13
1673.87
138.475
9253.53
815.615
5338.37
1251.44
4897.63
6272.96
4163.02
9373.62
180.661
8455.23
4679.45
1714.78
8155.42
1296.89
6663.25
4458.72
539.425
8076.49
6163.67
4947.06
2078.89
6304.11
3582.39
1708.5
6532.78
3081.57
7623.34
3424.39
4869.67
4473.13
6436.1
5090.99
7097.1
2710.73
4492.02
4046.25
3263.39
1697.34
4986.27
1177.63
6196.37
4220.93
4967.11
9653.92
5109.85
9843.94
1667.61
3467.5
9423.57
3515.42
7258.54
4250.67
2470.88
6666.53
1835.56
5607.88
6157.77
804.415
2921.4
6409.07
7130.2
8804.07
8942.55
8196.08
9011.7
4350.06
5601.5
499.131
6772.09
935.111
308.735
489.396
8944.62
3624.08
5338.85
3494.28
4791.17
1454.42
5913.15
6452.57
4529.06
692.733
5639.79
7718.68
4022.79
7605.18
9313.69
5846.46
8928.03
6551.38
9975.77
4845.44
9318.57
5754.67
845.664
7942.77
653.493
5145.51
9191.75
2455.15
4152.49
9138.76
316.396
6512.76
733.694
5700.8
5354.72
464.565
308.506
1976.12
5443.62
4867.19
8382.61
5641.15
9891.82
2362.69
9029.22
864.776
6472.66
2630.42
3434.84
6356.24
2765.32
9895.52
8699.59
7642.14
5838.22
4849.92
9199.98
4801.48
5300.61
2072.7
3007.81
3316.55
3805.94
2750.57
6374.65
1713.5
5207.78
9998.96
1453.38
7366.53
3819.1
8348.16
9040.9
4680.69
2399.36
6422.15
4027.34
3341.02
9187.48
8115.52
4666.9
4642.67
9488.11
8806.68
4561.35
5407.02
3349.78
4003.28
9148.78
8340.54
795.684
4948.17
4086.94
4403.33
916.094
1649.79
7350.59
2705.31
3169.88
3478.38
5454.5
898.119
5765.31
4147.91
9789.06
9680.88
2043.57
1072.79
1937.57
8410.23
1040.65
4475.49
831.729
3597.04
3492.56
2192.15
9834.29
5672.51
522.43
9722.41
4523.89
9824.5
1897.21
4905.02
8221.57
2027.51
4778.08
1152.73
2866.23
8074.01
8072.97
9526.35
6892.87
711.973
9060.14
8101.03
2781.72
5181.08
1603.24
5630.57
8971.59
8159.08
6274.6
941.495
5584.16
5072.27
3878.95
8440.31
3847.32
7197.11
1200.38
349.168
8689.71
9485.39
4433.56
8520.5
2923.83
3839.93
5489.71
2840.3
5545.61
8715.49
2193.87
7648.37
8546.49
4311.8
8459.71
8248.77
7929.65
9973.23
1046.02
2983.59
1393.82
2434.47
6909.95
7741.68
1338.73
4831.29
7023.44
6857.74
2530.25
3052.68
2775.09
7298.98
7123.48
9020.69
3925.7
2147.27
4174.79
8952.87
105.596
2971.83
1045.84
9118.81
8645.16
5538.04
6250.01
5310.15
3411.18
6192.9
1373.99
2977.22
8607.8
7579.39
5738.47
2013.07
2954.56
8538.73
3611.0
7489.95
5930.26
9777.58
6974.69
8175.07
8524.24
7213.94
6699.33
1132.9
9653.4
2577.23
6417.15
1906.87
4747.17
292.785
9008.28
1202.15
8850.52
7397.01
1708.81
168.518
8417.29
6346.95
6320.17
7366.2
349.787
1743.6
4178.07
1088.02
8829.7
168.429
4999.72
2023.16
8880.89
1411.14
4463.82
7238.91
4537.89
1661.37
682.052
4607.76
6755.03
929.815
9882.68
9988.28
2960.11
4005.95
3124.76
1769.93
7307.96
3557.97
8868.12
2279.3
8472.2
9846.18
2823.41
1431.21
9010.6
4749.07
6762.13
9716.7
8255.42
1866.42
9356.37
5286.63
5064.21
2038.9
213.967
8738.21
5952.15
2651.48
3784.38
3437.78
6015.01
2432.16
4339.03
9086.2
9378.98
8387.26
9589.41
8439.93
5836.94
7545.74
7714.26
6131.56
2478.5
8798.68
6164.87
6514.66
8258.26
2436.33
3524.36
2354.06
2522.49
7522.21
9545.37
8426.26
9837.4
4301.23
1540.14
6078.03
7739.39
8421.45
3029.2
9784.23
714.046
596.727
585.004
3545.11
7551.06
675.824
2445.75
9753.71
3311.68
2179.8
4459.1
2931.3
2777.49
5600.89
7032.1
6042.7
791.763
7553.9
7270.6
5526.02
7392.44
6748.81
2035.44
7099.65
9138.54
9352.51
8090.72
4042.87
6694.35
478.731
3916.51
9931.52
2363.68
6702.7
5788.9
5167.88
3555.14
3144.55
1584.48
7421.42
4967.16
2681.42
8812.98
1291.48
90.1592
6255.03
2769.69
1027.96
3464.29
6988.65
9342.71
1865.2
9387.41
8932.77
7359.03
7196.44
1497.67
3037.81
9115.83
6855.22
5276.67
8305.87
8090.1
8804.15
9400.87
9985.88
3530.99
1082.05
1757.87
4203.62
3957.34
7269.02
9448.82
3907.93
6839.23
9616.71
5217.61
2249.71
8292.4
9084.16
6638.06
3908.66
9434.68
6827.12
3575.93
5611.37
2711.02
1849.56
1202.07
9292.79
3335.65
30.0022
508.733
4425.24
4356.76
6720.43
3423.14
9212.04
4379.92
7935.06
1079.61
2664.09
85.5021
5052.66
7734.09
6547.06
7838.55
7928.71
4183.74
6953.43
7981.39
1445.68
8434.33
7777.04
9642.24
9029.65
7962.42
5321.45
2517.89
4015.56
7053.36
6169.2
3024.42
8301.09
6606.96
4697.06
3501.21
2902.08
2887.96
6418.95
7501.0
9258.87
3462.5
7419.83
4688.85
4137.68
8045.6
4884.83
4501.54
9719.15
1968.86
261.257
9345.42
5983.48
9892.14
9326.82
6153.94
9729.86
5341.23
8052.25
9901.81
1103.88
396.665
3732.32
3762.32
4271.05
8696.29
3053.05
9773.49
3196.62
2408.66
6788.57
4723.63
5803.24
8467.33
8552.83
3605.49
1339.58
7886.64
5725.19
3653.9
7837.63
4791.06
2772.45
4218.13
2652.46
429.5
71.7396
9101.39
7063.81
2385.26
4903.15
8918.71
5972.08
2141.27
5165.69
3466.78
73.7402
4770.8
8272.01
1174.1
4062.06
481.013
7982.01
7240.89
703.386
8123.22
2812.07
6949.75
4995.35
9880.18
4381.72
4100.87
6069.73
6330.98
5676.41
1659.89
1552.03
878.852
7032.79
6762.65
2103.88
156.131
57.9381
1161.82
1558.48
5290.8
9053.12
3324.17
2020.47
5073.52
4847.0
8043.62
452.28
7240.85
1964.49
7767.73
6235.06
4787.89
8393.38
9732.96
7619.6
3344.79
6998.69
4836.32
9627.39
2399.84
6617.97
9270.44
9699.94
9771.68
8873.06
5936.87
8322.13
3225.28
2144.0
8116.07
257.344
5423.04
8889.82
8963.56
3734.36
2006.37
3180.47
7242.53
7723.54
5705.56
2946.45
3649.83
1773.05
4585.12
1534.87
6530.22
6410.4
792.126
4893.0
962.727
7293.71
2970.12
4630.01
6182.04
7060.89
4093.68
856.332
2960.22
3116.35
3174.28
4336.1
5894.58
1185.38
238.501
3562.67
5583.14
656.66
5503.66
3547.29
3999.57
1240.42
3204.91
972.637
7207.7
1995.58
388.967
121.929
7741.53
1086.33
8085.02
2921.34
2548.73
4948.57
1566.55
836.985
536.922
308.598
9181.66
5118.53
3440.66
6665.94
8809.94
6926.01
7183.36
2606.39
1496.21
459.763
4194.12
6200.49
9380.96
6623.49
4347.03
52.5887
2999.04
6648.87
8421.92
3007.04
4541.91
1072.14
7482.54
8274.67
3167.67
4130.39
1424.11
4394.22
9024.23
5206.27
2267.17
6360.85
7217.18
177.395
3293.74
6468.03
804.126
6698.71
7884.09
8122.59
1685.26
7268.4
7925.06
3428.73
6976.02
975.587
2216.01
5420.92
6393.55
3601.25
5596.83
5985.8
6107.73
3849.26
4935.59
3020.61
5941.95
8490.69
3439.26
5005.81
5842.79
6379.72
6688.31
5869.97
988.505
4429.17
1095.11
9905.05
6831.07
4014.42
6620.82
8117.03
8576.79
2770.91
8971.4
8352.36
4975.85
9322.88
9375.47
2374.51
9023.37
7445.29
452.336
4994.25
6066.39
3548.93
1823.59
4991.26
9121.65
545.757
4939.98
3964.21
9170.49
1437.65
7798.5
5015.68
5193.08
8486.82
4954.84
5758.97
2457.68
341.768
8464.36
149.623
7418.03
5343.09
8771.82
5747.84
6723.42
8939.43
4360.35
753.905
4355.16
9951.99
5937.79
2045.52
5894.78
830.376
3850.99
9792.94
8283.63
1722.89
6728.7
2571.49
8951.21
5639.52
1509.49
2498.0
6927.17
8022.28
7927.33
4758.39
8772.82
5393.64
3510.66
2087.45
4858.36
3829.76
2182.12
7157.97
6480.85
5856.32
8230.83
7254.2
4699.5
5151.83
146.082
6212.47
9761.4
1584.99
6576.25
5697.9
6243.66
1183.64
5147.85
4318.34
5755.99
3554.5
8570.18
3763.25
2250.07
7204.92
2963.89
5421.56
5763.33
4227.69
4377.31
1795.34
7138.43
5910.25
1658.09
8381.52
7320.95
1681.3
2435.21
6790.36
6742.35
2680.14
4725.66
620.449
1450.83
5301.81
5094.75
3378.38
5101.27
1829.96
4401.45
3352.66
8992.18
501.672
2999.67
9926.84
7949.11
5876.44
634.837
9407.66
4801.29
8311.95
399.4
5257.76
9087.52
1269.64
8427.61
4908.47
764.791
8995.62
6249.83
949.322
6101.15
6247.24
2459.71
2221.1
3806.09
382.339
6080.24
2323.89
3507.53
8655.38
2973.72
8729.71
2284.21
854.388
4617.64
6867.71
4072.63
7036.52
2458.08
8221.41
2449.11
6826.42
8621.76
5760.2
1670.45
3328.55
1710.06
9031.01
712.317
3147.52
9937.89
6680.24
9360.38
4086.05
4706.5
6157.32
1459.13
6553.89
9932.26
5033.53
6863.49
1264.94
4617.6
3609.78
4111.45
7111.12
7037.96
4987.07
863.516
1498.35
906.01
5707.3
4019.25
4418.65
9676.41
8763.93
33.5715
8461.18
3369.65
4134.44
3130.06
9379.89
329.211
6430.37
2677.6
5137.31
7358.41
1164.5
1546.84
7627.08
9950.97
3458.5
2113.88
5087.6
3817.32
6101.53
6955.92
1573.56
8441.27
2513.9
9550.42
2008.5
229.915
2679.02
9505.44
8127.2
3887.4
5557.85
8886.4
596.464
9627.48
339.795
3487.32
3425.21
105.445
9465.83
3551.87
8258.37
4415.69
5874.83
2428.71
2360.97
7394.5
4257.99
5522.93
140.534
3750.31
7861.76
4972.88
2010.84
6997.91
7861.43
9359.78
265.792
5973.09
9992.35
4411.0
4087.41
2851.34
2884.91
1346.1
4715.75
8850.19
1980.25
1360.14
1689.35
8119.72
797.32
5934.63
3293.04
4457.54
6004.38
3631.46
3582.43
7040.94
9154.82
4242.43
8059.74
4161.27
1117.19
2690.75
1132.02
3645.92
3196.34
5204.84
5434.76
8113.78
7619.22
5746.42
9633.83
5191.68
4078.08
4674.54
4302.02
4641.82
8129.14
1554.34
1659.79
1125.61
4677.49
2935.86
7351.55
3226.38
5655.09
8016.06
5410.56
9668.56
5191.49
5332.02
9082.33
6944.09
1916.97
3927.81
925.727
8787.16
8146.94
8412.73
4385.82
4378.17
8789.17
2876.58
5727.92
8612.83
9958.93
4674.68
3524.87
5505.12
6865.26
8554.61
6674.33
7471.65
3406.28
6699.32
1156.86
7161.25
792.707
4375.14
1416.08
570.9
4813.33
2873.07
7034.34
8151.53
842.279
1974.3
5620.22
8816.57
4021.41
9456.17
7569.95
5189.17
935.589
569.415
5761.1
9839.18
4513.72
8815.74
3457.56
1586.69
3141.04
4800.82
5926.44
603.923
3539.78
891.331
4117.71
9772.79
7788.85
3199.41
2867.97
8059.46
3391.48
2473.82
9417.91
1334.89
5262.7
6188.43
4975.58
3122.52
1535.25
5921.08
299.249
9088.42
1965.0
7692.92
6305.75
6264.68
939.361
4464.23
9969.35
6834.61
5389.22
2063.55
9535.21
2941.49
9640.81
797.668
7958.91
8751.62
3126.76
4542.84
5113.74
9927.06
2800.13
9834.48
7986.01
8828.29
802.586
6422.81
5239.37
9260.78
8716.95
6286.89
1476.06
2411.65
2981.06
8742.16
8581.34
3095.05
1910.8
5368.36
6955.05
96.0874
4896.91
823.345
1427.27
4967.05
5858.38
9976.09
9748.88
7537.73
737.143
3605.11
1664.57
5056.06
7529.88
6947.79
8282.68
3545.38
9733.81
4709.39
7831.92
9367.17
5288.25
5587.5
4675.92
6640.92
4333.83
639.586
6904.27
7843.63
2307.86
2277.21
9111.82
4501.04
6564.59
6099.8
9041.28
8682.09
9479.76
7438.67
6190.29
9317.05
3859.89
8973.63
8900.7
1700.83
1535.31
9521.32
8349.6
9152.19
5575.0
814.372
75.1539
8792.1
5079.0
6555.06
8966.71
1947.77
689.932
9271.27
2366.32
4277.12
9645.47
6600.53
6696.61
1593.52
2416.87
3844.14
8811.19
4669.57
4645.65
4394.53
1932.26
2669.4
6274.52
7939.09
2995.15
525.024
7472.81
5755.49
9300.87
9034.69
3744.08
1576.0
943.171
6231.42
1818.92
6494.84
3135.76
7469.59
8109.18
5013.45
2857.08
5164.94
7442.15
6553.96
1055.0
7619.6
3719.4
2760.68
1442.77
922.533
8361.21
4551.5
3868.55
7728.44
6702.08
5602.77
7303.6
8838.91
8360.23
6709.83
5862.02
1437.02
2251.39
2326.54
1118.65
6197.64
2752.7
1719.41
3667.18
4357.11
3628.38
5994.7
271.822
9917.3
6517.82
3214.44
4807.96
7224.83
1068.97
9880.15
4549.72
9195.37
3589.91
5522.17
8191.57
4466.09
2405.18
5400.32
5925.35
3398.16
9153.65
8454.53
7489.21
1233.29
2809.29
3752.46
9983.89
1802.81
8297.65
1433.41
8903.0
7012.18
2025.63
4882.71
47.6469
7489.79
4043.76
5098.76
2718.36
6437.76
9198.44
641.218
1563.75
9924.96
4476.46
8345.01
6073.45
2775.53
8378.3
5681.9
4520.81
2881.04
9590.87
5452.89
6889.9
9141.29
1467.84
2586.48
8784.13
1536.83
3256.24
6923.42
1280.54
4908.92
903.62
1175.44
1092.74
7610.56
824.999
5632.96
2857.79
3926.75
3806.9
8356.62
7552.0
1141.9
6664.07
4855.64
9321.73
1726.91
7127.23
3052.58
6450.74
5604.39
4058.92
1548.14
2781.43
5590.73
9343.19
9327.08
1129.88
9427.53
860.944
9763.95
6776.13
8801.76
3684.46
3732.11
1221.9
5265.66
364.425
3082.79
9520.55
8718.99
9360.21
923.959
848.916
5325.37
3670.38
9743.83
2519.36
897.657
6579.56
1100.37
3981.41
3572.28
9025.17
5915.07
5056.36
6524.2
9110.68
7894.81
9431.63
2687.87
9611.29
891.829
5800.75
6704.37
7879.81
8972.55
6583.11
7408.11
3041.07
5898.86
9825.61
3632.51
1989.14
9541.14
683.041
7347.11
2202.76
1524.49
3251.4
378.627
3431.21
9881.94
5486.34
9545.26
1093.4
3874.84
9465.56
8808.75
8135.83
9265.71
8693.25
9554.19
9318.14
6094.26
4896.02
8580.48
2312.59
3534.5
8800.16
9164.59
2247.37
1767.92
486.909
9847.12
771.076
1619.99
6945.36
615.741
359.57
2878.93
3776.58
356.144
1456.52
5437.93
9010.21
8035.37
3950.44
9006.81
5531.01
4641.69
2536.49
1968.13
4656.0
4267.29
5159.12
959.867
7664.23
5544.04
4516.59
1099.7
8507.81
1548.88
7447.74
7273.35
905.866
2895.0
2436.14
3119.18
466.295
2669.05
4193.54
7444.93
7823.56
1254.77
1136.71
6623.05
6168.31
7261.72
1136.55
602.115
9410.87
7546.69
6812.4
5505.65
5059.84
4377.98
472.238
5368.26
3948.74
6261.33
9795.83
8595.99
7760.57
7.94665
1775.87
2262.77
2109.89
2880.97
4500.96
1446.32
2062.06
2421.63
5300.56
9077.15
9433.29
889.806
6327.73
5337.94
3373.31
7323.76
6330.57
1861.57
6503.26
9039.75
1007.88
5663.88
9931.17
5090.29
6050.16
3714.39
9258.43
3775.02
4874.73
3382.54
4931.43
2379.17
9652.52
558.385
3453.39
5889.53
9008.71
9475.01
2144.06
6337.6
3782.53
1606.09
2860.86
3997.57
620.623
6788.94
4050.65
5187.21
5789.32
5200.19
2746.88
9559.29
5064.94
124.778
4502.75
4974.99
343.249
4291.99
553.319
349.148
8945.14
6705.71
6713.66
8489.52
752.298
2862.19
5743.16
244.114
1690.44
3752.5
6174.13
1474.7
551.841
9985.13
874.936
7202.67
2540.61
5913.92
3237.68
9568.25
1429.82
7933.08
6972.83
7980.71
3644.58
3575.75
8666.04
4716.19
8430.58
7689.01
1464.04
6338.76
9721.31
4652.73
7031.9
6684.42
7242.8
696.192
6585.72
5594.44
5069.44
7213.5
3551.1
7333.64
8939.73
1800.59
5798.17
6418.79
3207.73
7258.38
2445.59
8234.91
3435.1
6181.98
5741.27
806.206
930.984
5433.74
408.731
751.979
5043.97
5597.29
5946.43
4891.57
1597.28
8310.94
6800.47
7552.76
414.953
6158.11
6402.22
8092.66
1845.16
8019.29
9493.99
45.8294
30.9594
905.895
8108.56
649.175
6563.1
9800.78
9369.03
798.85
8731.93
5704.76
3685.47
7330.05
905.799
9571.84
4288.03
2718.61
407.626
1871.66
8210.43
7931.73
2584.46
9616.36
6300.78
3543.59
4239.78
825.501
6419.94
1489.38
8702.89
2253.99
9587.63
8527.36
327.951
6126.12
2544.91
5752.63
3011.01
5456.6
3691.51
7126.61
3308.59
9049.86
9856.07
787.049
6220.79
6629.52
7381.5
2425.46
8022.75
3969.18
8860.75
458.036
8768.98
5569.44
3122.21
3537.16
9695.27
6097.49
4190.15
6035.31
4054.61
3548.59
3594.42
3625.38
4531.28
2639.84
3289.02
9852.12
9652.9
9021.93
9820.78
8552.71
4257.47
7942.93
5272.98
6178.78
5750.62
38.6484
2757.26
3164.89
5036.55
3246.98
1178.71
3763.18
3379.54
9680.32
3223.91
7463.69
8289.19
4709.12
6198.5
4901.39
7155.38
6743.0
5270.36
5598.31
1724.43
4269.33
21.967
3032.98
8489.58
2181.09
9307.71
2616.3
1666.16
1522.22
2309.27
8530.06
5159.58
2541.08
4966.54
2989.29
6958.47
5819.22
6277.26
5046.24
615.682
3737.89
7275.05
6970.32
3067.81
7257.97
3293.28
7347.89
896.48
4490.9
8116.29
2647.57
5287.41
8576.43
8428.55
8081.45
7103.37
6924.15
5476.86
9734.32
7677.25
2950.24
9129.02
4879.64
4918.29
7675.55
840.433
5876.98
9123.96
302.673
4065.85
7445.39
7125.71
349.622
7813.31
6102.49
811.617
7010.12
1911.51
9066.89
5809.89
1080.25
6678.56
8402.99
2672.33
2694.29
5727.28
4216.86
6397.95
5705.66
8321.96
9988.11
1510.33
3819.61
2349.66
7509.24
50.3175
5016.86
8006.15
4964.62
783.841
7061.1
2107.34
2723.02
6460.91
3735.96
706.283
3774.1
1032.06
4325.34
1673.23
2569.71
7060.61
5176.9
7824.47
3111.88
1688.31
116.857
8198.3
5301.67
2225.82
7702.68
7437.0
5114.26
8064.5
7193.51
2073.15
6991.44
4666.98
5507.42
1384.4
508.361
811.035
4876.88
2322.27
9447.99
9797.61
7610.92
3713.41
4525.03
1535.15
3446.66
2513.55
8323.44
9403.69
6082.26
4485.25
7157.58
9851.87
5579.15
9796.01
6193.96
1899.62
221.576
209.688
1720.02
5539.63
7889.29
5398.54
5448.85
465.71
8471.86
3436.47
4220.31
1281.42
3388.75
6111.77
2572.68
6308.65
7014.93
789.025
1821.09
6146.43
7819.66
389.372
7449.99
2626.89
451.36
3563.24
5251.55
5368.41
3566.71
8868.39
1094.21
8796.89
6233.9
1348.15
9412.65
6606.16
8679.31
5670.75
337.736
5845.15
7229.55
7737.91
8548.95
3425.83
5748.11
5196.1
4993.7
2604.62
6318.03
843.062
2378.21
5824.87
8338.42
6661.86
6065.56
2147.82
6633.07
3790.65
3642.52
9221.67
9017.68
5211.64
7111.26
7332.84
7542.53
9262.55
4802.18
2691.47
8090.0
3538.86
4004.57
2476.42
5912.9
133.21
1414.63
4803.38
915.153
3487.84
9796.48
6811.41
7600.44
9421.53
5567.96
3387.62
3776.99
1226.98
3853.87
4305.23
7868.47
3120.02
8488.43
2055.14
923.531
2017.74
814.634
7048.53
8396.68
7809.33
4415.49
3094.81
8765.56
9103.3
4948.45
2178.0
9915.92
8464.87
1890.7
7638.81
2834.9
7828.61
433.227
6751.26
7594.32
9972.54
5797.41
4135.83
797.696
6863.25
9011.07
5644.14
9434.78
3077.31
2298.98
1316.66
6528.3
3639.56
972.401
8514.93
7777.48
2579.65
5271.12
3361.13
6899.98
904.552
3380.97
9293.87
9427.08
841.705
5645.08
6560.24
48.0752
9844.56
6655.97
4256.41
3677.93
9245.89
2633.51
6410.51
7637.49
1491.36
5796.59
3665.06
6785.09
5273.52
7328.66
8252.19
269.935
1084.57
8133.1
6529.78
4339.11
8754.61
1849.42
614.98
9718.28
4666.73
6844.73
6760.65
5225.52
7116.21
4755.02
7589.92
5418.53
5851.75
2603.01
197.338
169.875
5967.28
103.117
900.813
7764.07
6775.13
2419.27
1854.05
4931.36
7230.34
8547.0
5075.3
8714.86
9687.26
8202.19
5979.66
8559.31
3830.44
7191.56
4091.55
4996.1
8377.07
7670.94
7098.02
7939.73
3584.81
145.051
193.126
37.6848
6693.65
950.061
4627.99
3873.88
6507.4
2917.9
555.39
2046.75
7843.34
1508.4
8293.49
3567.0
895.668
9147.86
9417.8
502.366
8635.47
5165.25
9504.36
8258.97
108.387
723.368
441.646
5108.37
1953.11
8713.76
3939.27
1055.48
5810.5
3400.43
8818.95
4670.71
7273.72
7471.06
7640.93
3608.22
3711.34
4612.15
2376.21
9151.35
1570.62
3424.68
8356.04
5586.37
4133.37
9208.66
7923.52
7610.78
5812.97
1792.63
351.94
4182.38
1373.94
5465.49
461.589
8838.66
6509.61
3607.63
1547.36
5132.18
5277.23
5470.35
5508.04
2201.69
3151.75
7779.75
1653.63
8161.03
1078.93
1634.32
3681.07
1524.41
3032.81
1326.3
4893.3
5788.97
4936.83
4354.63
4856.99
3492.46
8657.7
8162.06
6421.03
6529.42
7252.79
7694.43
2802.81
4755.92
3469.67
7408.94
8464.43
4274.93
7675.36
6494.31
1165.02
8438.74
5909.8
3550.73
7158.95
870.286
5482.43
7858.65
7010.0
8580.62
2005.29
361.33
5947.7
81.072
9289.74
7213.26
4824.04
637.005
2429.63
2781.57
6963.95
8337.89
3803.38
4264.97
3103.63
9613.24
3220.87
4768.23
9900.41
5177.64
647.993
6156.03
8357.73
1509.48
9289.23
942.86
9103.89
182.82
1817.14
5498.21
7022.62
55.4324
1381.73
6275.03
2064.0
7000.83
1355.45
6212.44
9704.9
8362.6
6524.67
2945.7
9475.12
6727.91
4422.35
7225.15
1981.07
5450.74
2859.68
1324.11
5599.04
3274.4
9768.71
933.73
9372.47
5282.27
8833.0
5991.95
6862.23
2344.67
203.315
7213.31
5793.93
7799.23
8160.56
4108.26
4189.33
3479.07
692.325
5516.36
6153.37
8583.0
1364.57
8328.52
6666.41
469.786
4734.75
7838.38
7451.62
672.493
5440.73
5341.14
518.778
1166.77
7322.8
5680.53
7190.01
6479.24
7422.1
6525.99
6708.81
8525.95
4024.16
1046.79
1102.22
2483.95
8758.97
822.97
7823.8
9179.25
5391.69
5096.59
3459.19
9983.86
2929.57
2404.69
9132.6
3554.95
780.1
2761.17
8211.91
1071.6
2395.71
7994.75
1269.16
1037.87
1971.6
1344.07
6626.33
5459.33
1451.28
8313.51
658.178
861.493
8074.81
3868.74
1667.96
9828.52
3936.78
8126.11
1605.17
2297.5
7813.86
3967.23
2550.23
3914.8
2243.32
8909.73
9379.52
4114.27
1952.65
9404.27
76.7653
5517.49
858.633
1377.41
2544.18
9866.99
5547.52
2737.53
9216.77
6638.86
3164.85
9873.66
8399.61
2423.77
3470.56
4572.77
7056.72
5815.69
6638.66
4462.46
3641.71
9033.4
4129.99
7589.18
7573.04
502.611
2907.3
2039.9
5594.84
6374.94
9136.11
7348.03
8419.62
815.332
8810.09
79.2434
1117.11
3088.71
4432.78
1059.12
6518.45
7969.73
6283.24
6941.41
7802.91
5877.71
9746.45
1414.42
1242.94
5179.71
3305.82
4910.99
7208.49
5022.36
8989.59
1539.82
5454.62
7697.94
6607.67
5987.19
101.458
2054.11
1458.38
1535.15
7052.64
7911.27
9288.68
1832.87
1699.85
7247.37
9984.9
9201.66
5840.53
9005.38
8879.03
7278.64
9702.41
3172.97
7745.74
4802.46
618.151
7256.81
1719.27
5360.98
4394.38
8524.36
6113.54
3686.59
4189.2
7096.5
9136.4
4731.24
1106.19
242.3
7590.33
6009.95
6825.28
5635.37
5714.61
6831.73
9920.44
4353.22
5412.34
1930.79
9900.51
6183.75
3125.16
928.072
6805.79
6552.24
7966.66
9209.59
4389.31
7695.13
2606.12
9814.61
4836.97
3826.55
5366.37
820.992
8518.93
5126.61
1113.8
1215.26
3269.36
4727.75
6262.89
3315.53
1226.81
515.49
2348.36
4048.21
1295.58
1280.48
482.143
6322.67
5328.05
4207.08
1485.72
1188.14
4361.1
2106.84
6909.3
7527.45
4784.27
6503.54
1864.52
6258.89
4783.25
896.797
4583.38
8772.58
5869.08
5005.47
9736.72
842.901
1085.2
8675.53
4685.48
1510.76
7146.13
2860.74
9692.46
9612.9
3966.12
9378.46
1309.25
1209.76
7393.51
518.673
1446.74
8252.53
4804.77
2771.43
1981.02
6370.32
4065.45
6671.57
6486.18
1323.15
5149.7
516.076
1337.07
9856.0
4982.61
6096.41
7311.66
581.027
5308.77
1571.66
4887.2
6114.0
6629.49
8977.85
3026.06
4321.64
5602.12
6084.27
2406.93
7734.98
1942.06
3427.79
4615.92
8977.03
1083.87
7993.17
5520.62
304.882
6808.42
8672.94
4931.83
9715.09
611.885
5195.27
3967.85
9836.93
4842.4
4579.12
5422.02
6507.22
5182.75
9868.22
1378.98
8525.11
1385.85
1078.31
691.215
4657.34
4035.8
5345.05
6554.81
3948.32
4466.99
5913.74
4166.27
8971.04
1742.47
3723.48
93.8078
4159.26
830.825
7317.01
8640.15
3789.86
4305.93
5643.0
5499.01
481.617
6578.02
3889.69
4470.71
9779.49
1351.15
6238.35
2352.35
8981.84
7959.69
985.752
5307.39
909.516
6993.78
9400.72
7135.7
9077.76
2505.55
7121.47
6098.5
7182.37
5175.53
696.148
1001.03
7809.45
6482.39
1414.22
1129.31
1741.19
6936.46
904.313
741.243
5583.65
162.768
5584.79
2092.01
7274.76
7142.98
8521.97
7047.08
8432.93
9511.24
202.453
4859.79
8895.6
4240.65
795.462
4743.78
9210.78
5124.52
9290.79
8261.83
4.29449
3727.78
3821.59
7980.84
8811.67
6128.67
4768.83
8558.69
2864.62
8507.62
4006.63
4488.25
1066.27
4955.96
9426.67
9206.16
557.305
6795.65
9148.0
8129.84
6089.54
7075.29
2382.68
3292.2
285.98
9686.7
6822.39
5900.16
8405.71
5527.18
1625.68
8808.05
3983.58
4679.73
5680.76
3490.21
9972.6
1386.82
2516.13
4257.32
1193.78
2098.09
2839.34
8422.99
8585.75
4170.54
6262.55
3537.31
680.298
9202.27
6249.34
4682.27
4193.51
4395.96
9255.75
8151.35
2392.0
3187.46
7931.24
7142.02
2266.54
1557.33
9819.16
9823.45
3551.23
7372.82
5353.66
4165.33
294.003
5062.83
3621.52
6486.14
4993.76
9000.39
3488.64
4554.91
9510.87
8937.54
8143.7
8701.0
5496.65
4644.66
2774.5
8864.04
5939.32
8322.01
1614.2
1900.18
1586.88
8409.28
4309.43
2715.14
8242.32
9868.01
8676.05
2659.63
7339.36
3020.12
6510.32
6482.92
7869.73
385.86
4643.18
5836.96
7935.05
774.39
9197.38
7783.13
1953.67
8216.22
1753.54
2433.84
1636.1
7885.44
2567.71
6761.22
1157.18
412.934
8564.28
956.282
4143.74
2074.99
9217.01
1483.55
3040.88
2860.04
2683.49
6234.73
3607.54
8961.21
3126.54
3420.54
8483.37
2104.89
8591.03
3584.79
2585.18
6073.82
628.736
139.606
9077.15
7220.84
5921.85
1418.5
6063.16
8837.66
7701.69
3641.02
1963.02
3577.23
5477.41
7064.29
5473.57
9783.0
2498.14
740.464
608.47
9284.52
1944.16
9283.52
2303.63
8813.96
5296.88
3166.61
3552.47
8195.65
4032.61
1967.66
2742.05
1939.42
9722.55
1676.22
9892.45
1645.99
4079.82
5715.92
3601.37
6169.08
2930.3
4087.48
4500.42
3064.7
4020.98
8164.72
239.712
9456.72
940.276
3981.16
6841.2
9524.69
5759.42
9366.96
8328.17
1454.71
4875.25
3358.62
5463.5
4054.53
7639.32
224.5
6298.32
6927.06
7066.66
6143.81
3364.66
9286.5
705.0
6768.15
5605.81
3307.5
6948.52
8911.54
2488.77
7966.18
5030.47
504.035
287.033
2785.17
3525.64
4134.11
3418.63
5362.79
4646.31
6949.94
5763.9
1060.78
4227.39
7779.86
5975.5
8.11018
1975.77
4717.82
6657.24
6379.8
8056.02
7948.47
9594.45
3674.28
9390.2
2991.57
9160.65
2090.95
6178.43
678.849
3743.55
7764.53
5929.26
6168.97
5625.69
6565.97
547.126
7388.33
6913.02
2672.44
2039.4
367.575
1822.28
6697.53
56.141
5519.64
9574.17
7213.49
7437.99
3736.31
663.372
7730.04
3873.85
7238.5
6525.0
7230.0
3998.16
9603.97
2911.47
9859.99
8771.53
1260.3
9226.48
4256.94
4760.98
5048.01
7833.19
1358.82
5492.93
8911.56
4274.35
8920.66
5870.61
1634.51
2695.29
6922.68
4702.53
678.035
686.145
2661.91
7379.73
4036.98
416.773
8472.79
6421.26
6015.72
9689.99
9080.19
2071.76
1232.41
3323.36
9501.79
180.643
3924.19
1688.72
7617.98
3786.95
9412.64
5978.6
6525.73
3914.06
827.078
3499.52
5538.92
5906.5
7728.78
4426.3
4482.45
2.08981
9576.26
6789.75
4227.74
7964.06
8627.43
6357.47
231.316
7469.82
3994.83
1224.83
5222.99
4826.96
7738.43
7598.42
6369.95
7630.25
6856.73
1113.67
5874.65
922.665
8755.85
114.674
5607.6
4519.17
8793.52
7714.19
3584.8
5219.31
7914.6
4837.27
9539.8
217.837
903.982
3565.9
945.631
4982.61
5399.38
3872.17
293.435
6309.15
5999.14
5079.33
7151.1
8383.5
1706.87
1208.66
1389.3
5313.5
7002.22
4620.2
8407.14
7819.78
3798.38
324.114
4238.17
5065.25
8564.77
4103.69
10.1904
7738.97
2165.27
6647.72
6649.81
6226.07
3015.83
7243.57
5207.63
3835.06
192.524
423.84
7893.66
1888.49
3113.32
8336.31
3163.27
901.698
8500.12
4870.08
2500.33
9357.06
470.732
6345.39
7268.05
6023.9
6138.57
1746.18
6265.35
5058.87
2773.06
6357.86
1577.16
9491.76
4329.03
3868.83
4086.67
4990.65
8556.55
9502.18
4484.78
9884.17
3756.34
4049.77
358.924
6358.07
1437.4
8588.5
6972.0
8678.87
9887.53
1276.83
6590.32
3592.54
8212.74
6619.88
4439.66
8238.05
8562.16
2800.33
7865.58
6430.35
534.043
544.234
8283.2
448.478
7096.2
3746.01
9972.08
2987.91
231.477
5439.1
9274.16
9466.68
9890.52
7784.18
9672.67
2785.99
1122.29
4285.56
5187.26
3687.38
8557.45
1057.78
414.84
885.573
7230.96
4499.01
522.909
6661.48
8407.66
4673.01
9731.88
2504.94
8862.8
439.963
9931.72
4260.75
8129.58
2216.25
7206.89
5763.44
5265.62
9750.4
9634.57
3390.91
7440.68
7799.61
4157.67
5595.07
4183.57
1155.57
9834.44
9721.96
998.791
7589.12
1181.66
9394.4
6014.28
453.945
8691.99
7254.15
54.4883
7920.07
4350.42
4884.47
5428.7
3711.9
4160.38
1256.58
5002.59
4974.67
7962.58
8194.05
3633.16
2907.32
2374.0
2264.52
48.7092
9721.38
2507.37
3629.66
7915.22
3102.47
6789.85
5347.3
6405.08
6819.92
7705.5
4936.46
9435.46
9958.37
6619.86
5027.52
9700.53
9432.42
1937.36
800.16
1240.12
1171.84
5432.59
3562.17
5778.42
2985.31
8748.75
4014.37
3764.77
3399.34
6790.25
4230.93
2030.53
6188.21
1783.28
5966.85
7122.42
6956.85
6678.82
7677.61
5266.72
6448.38
5842.78
1857.06
2311.01
1003.0
8257.15
8311.64
6231.71
582.135
5466.6
895.3
4607.2
8767.58
24.1625
5026.75
1.41821
7963.99
6158.05
9791.2
2698.52
5072.52
7337.05
7385.76
7107.14
9614.5
3244.16
1159.38
4261.85
1051.7
6399.0
2804.09
9624.01
7329.51
2265.97
1701.43
1659.8
8279.66
3307.18
3007.71
2440.13
4377.49
5177.65
6417.77
7589.62
3022.21
6584.38
2362.8
5348.11
4096.87
8111.24
1876.01
5275.35
2065.6
6296.53
8327.06
4515.27
6298.55
2265.4
9387.81
6344.67
3023.48
701.092
5967.81
2416.19
8258.97
116.034
2427.04
3430.04
1687.19
9998.83
6230.54
6812.68
2279.28
3174.58
7781.78
6549.37
6573.53
1600.28
1601.7
9565.69
5723.74
5514.94
8213.46
3285.99
623.033
8008.79
5115.93
4730.43
7974.59
9133.97
3395.82
4447.52
846.524
3650.61
3274.62
604.133
2870.1
4571.53
6231.33
4510.99
7818.17
825.883
3266.01
7643.51
2821.16
9238.93
6828.55
9850.76
6435.14
8797.94
4146.06
8242.92
6354.16
8230.17
3505.52
5571.12
1867.64
194.706
4709.97
1008.52
3273.92
2661.73
9006.4
2029.89
2730.98
8698.79
1114.99
9373.96
9490.0
1917.04
5347.07
7034.26
7033.1
3263.64
76.3181
2355.6
5530.18
3311.96
9861.33
6434.86
8035.14
9636.83
9202.53
4926.27
441.208
8654.67
1940.66
2563.69
572.48
5688.41
418.832
8393.42
7527.39
923.208
5370.73
6217.25
9867.86
3142.49
3746.62
6616.72
1188.25
7419.58
1930.57
9748.73
574.618
3840.63
1484.14
4305.29
3544.22
372.771
223.53
6658.67
5456.61
9602.67
7845.59
4199.75
2429.92
5935.43
1506.55
3374.2
3568.9
8278.88
9287.4
2561.32
5223.05
4229.45
6259.34
8990.32
7689.11
8804.1
8178.06
7668.05
9585.09
4932.16
1966.43
8999.52
2263.16
2339.48
4695.08
225.254
3537.22
3398.54
9833.4
7868.54
7505.37
6707.9
1634.17
2075.37
730.046
2670.7
5234.4
5806.88
1495.28
1914.11
307.534
7834.92
8758.13
4128.86
346.113
213.977
3356.47
7103.09
3719.81
4908.05
2327.63
4258.19
4006.93
4581.55
8422.18
9906.32
4211.61
7755.83
8128.6
8352.13
5010.8
467.417
70.0854
7915.67
2115.42
4545.34
480.773
1987.32
5361.52
8930.42
7209.3
6496.7
9058.02
4281.07
8510.52
4769.86
3760.18
1449.29
253.387
8431.44
6099.5
5684.59
616.748
2583.17
1582.69
3845.86
6185.33
880.41
1105.66
4642.88
8041.42
7874.82
5743.36
3248.74
9956.64
1590.8
3666.18
4396.23
7066.93
2301.32
8108.2
9603.48
1517.59
1825.13
9660.05
8418.18
2547.04
2893.15
3107.13
6463.6
3566.68
7286.49
2194.54
4522.17
8780.36
2787.29
7368.84
5791.02
5697.33
9908.94
7664.77
5793.37
4145.51
9156.31
9623.73
9693.82
7609.49
9724.91
4270.25
4751.03
6738.35
2099.87
1030.29
8239.59
4736.29
3794.31
8075.38
6585.9
1355.77
5115.95
6565.24
6818.63
5250.07
1349.57
7034.16
7650.9
234.077
1816.77
5662.63
1847.96
2728.37
3834.04
8476.91
6518.34
4393.16
136.527
3385.27
3341.9
4932.71
8598.89
2995.11
62.0424
2363.37
471.567
75.0467
1592.64
3417.77
3077.81
1496.0
4043.04
6936.19
43.3221
6506.92
73.6018
7360.09
9554.63
4076.8
2857.16
5644.46
3013.29
8804.31
4501.64
4410.58
2075.35
7868.73
2014.23
1170.55
794.277
488.092
8097.58
7822.5
2092.75
6843.77
3582.12
5681.99
6712.28
4951.88
9688.17
3482.47
1557.85
8143.76
9499.52
4615.47
1180.71
7999.34
3249.41
4598.98
1633.13
9284.03
9518.11
1334.88
6997.51
8845.47
1573.84
5407.88
3884.79
403.128
4796.29
4932.82
8318.08
1659.99
6592.7
5191.58
8186.7
8248.74
612.105
1083.67
1158.72
2751.36
6169.12
9246.94
742.934
4785.97
1722.16
1765.48
8272.4
8346.0
5706.09
5260.73
9337.53
2194.69
7839.15
852.444
9656.75
4158.39
8568.97
644.327
8513.05
527.289
1697.84
2492.11
2980.21
1077.79
8900.28
993.03
7836.8
1418.92
7100.92
3813.2
8765.07
8453.24
1935.72
3493.57
1637.33
1136.85
5752.32
6933.03
4932.36
8181.77
2780.75
4413.88
3697.91
3216.02
4550.9
1548.41
393.882
1967.72
7375.6
1260.39
1663.52
6459.81
1392.62
9710.71
1370.69
7963.39
3154.97
1341.67
9590.41
202.51
1286.18
2444.9
5196.26
1365.38
612.319
1355.25
6141.22
7863.39
9628.87
7901.27
6247.27
1953.37
7214.1
6551.62
8746.32
6585.47
7437.91
7094.66
1253.06
9822.03
466.36
8979.41
9506.7
1204.54
3696.65
6676.86
7754.64
6654.93
7647.96
5484.76
6903.68
4004.6
7817.8
6582.87
5036.11
6971.83
465.397
2102.72
3239.57
8991.89
5924.92
857.283
9039.05
1819.8
6233.68
9931.59
3147.61
7698.51
9246.93
9640.81
1608.53
8984.13
244.516
1908.03
8367.84
9760.46
9471.17
841.867
8805.26
1960.23
3301.89
2892.3
3094.81
4380.99
6825.89
2022.15
3387.53
3999.85
5355.11
1496.33
9359.71
8988.58
6889.85
3137.13
5090.5
2304.59
8856.22
7602.54
4188.0
1625.91
8720.58
9973.64
9795.67
262.031
9241.44
8748.15
9952.69
3649.34
326.194
8080.84
4735.76
2383.72
7868.48
4772.16
8776.76
6594.55
3177.42
8213.54
5185.36
5650.76
7753.48
993.056
9984.95
5909.86
6767.15
5806.2
7626.0
3859.68
3791.27
6938.88
4637.39
3884.31
3525.12
5133.65
4117.78
4362.29
6270.33
4638.17
4398.63
3869.8
4711.67
3516.93
5477.15
8779.05
1671.35
4766.16
9147.15
5973.04
7995.2
1382.73
5382.58
737.687
2234.02
1593.73
582.314
7472.17
609.298
5699.8
8004.39
6860.61
4463.15
8651.15
277.067
8997.65
8971.28
8766.95
9028.99
8270.43
7018.58
6971.26
620.6
946.794
9027.63
3763.4
6147.12
4015.6
8787.76
7564.51
4159.07
7336.49
5550.03
735.393
6386.15
4139.64
5132.69
5117.64
1027.51
7794.65
3600.85
1226.86
5086.53
8877.8
5816.67
454.062
4338.38
7863.5
2997.15
7114.92
1477.22
7747.54
2385.71
6784.34
654.146
5365.82
8882.74
4359.9
3138.95
4810.29
9576.45
8723.6
4696.65
2691.85
4074.57
9457.16
194.842
2428.86
4022.59
4604.9
2077.07
2686.37
8386.17
6390.56
3251.17
7714.32
6365.47
6642.54
5640.18
4611.47
3378.42
2407.41
677.836
7696.41
4667.68
5288.28
6235.07
5262.7
9026.1
5173.22
9188.81
7976.57
5541.09
9700.15
7036.65
2586.67
3322.07
9708.22
3847.86
8980.55
4098.19
5125.7
2920.35
6521.21
7748.06
2834.59
1712.39
7529.07
7983.13
2321.51
185.001
3182.15
297.069
1774.29
9521.83
1907.54
8691.88
9346.03
4711.84
3594.59
7954.48
1093.43
5903.72
5480.17
4203.78
8900.43
1592.27
5666.85
5124.0
5318.85
7747.7
1770.29
6375.2
8452.27
1138.64
9524.81
5915.36
9166.53
6880.85
3246.32
9888.86
5529.04
140.509
3518.93
5926.34
6604.17
4300.59
8968.26
4256.54
491.609
5754.31
4780.41
9953.63
9142.44
7119.01
2660.1
2360.25
9396.9
1983.57
5305.64
5013.86
8861.72
7842.27
1940.46
7066.16
9986.51
6507.72
4255.78
7090.38
8802.77
6331.84
4314.97
6636.47
6821.48
3.62223
300.692
2074.98
1596.81
3504.35
2196.23
1542.26
6254.1
9848.69
7803.17
8896.6
4800.32
280.49
4484.27
3384.7
4976.97
643.816
5767.82
1086.67
8834.37
604.663
6979.86
5432.13
6570.77
6095.58
2010.94
1177.47
8058.33
1304.65
1193.51
6722.55
6863.06
381.987
6308.32
2912.5
7213.08
6181.34
437.882
929.491
6683.8
1464.21
1417.84
560.282
7679.29
339.391
2699.64
2096.54
4080.11
9385.74
4399.6
3261.31
1103.58
3044.04
110.207
96.7215
6604.44
860.223
7950.6
6753.37
3085.21
7400.17
4036.65
858.124
861.746
1162.44
3237.42
4834.22
8338.57
534.798
2077.05
8331.15
8179.84
5983.01
4879.6
9679.92
9960.41
4444.68
7829.37
2806.34
3450.16
9217.98
304.642
9139.01
9743.67
6723.53
2155.66
8726.43
4822.01
6832.95
8010.42
6068.75
7373.39
8566.9
5289.45
2152.5
2534.49
8842.81
1755.31
8968.39
5149.73
5587.61
6517.11
3200.91
4665.12
6082.96
6643.24
4322.54
4661.93
7361.57
9458.11
3538.22
2923.96
7323.56
584.87
1688.45
4732.5
4842.7
4939.43
1543.87
2404.09
354.689
7108.06
193.262
7593.44
1630.08
2488.21
3349.95
4512.39
7749.81
2584.03
922.599
1457.4
3534.45
1865.61
45.4441
6028.45
908.052
587.97
548.378
4993.05
2822.43
5628.77
9078.93
8296.9
8601.55
7740.56
7484.23
4207.77
6363.43
5089.86
9911.87
6744.81
4755.23
823.98
8197.37
6764.27
2053.72
4206.22
6740.71
5583.52
7338.83
6307.22
1456.95
7044.57
3561.67
6762.58
1427.7
7510.66
4153.91
8476.45
3138.38
499.948
9958.06
3496.27
6420.23
3743.79
4328.66
6017.11
749.604
5592.31
531.733
2075.6
4479.69
4834.38
1942.43
2135.7
9729.13
1359.22
3847.42
7197.38
1709.77
9459.58
2043.6
2966.2
4423.6
7958.05
9823.66
9869.1
5897.55
6805.6
7393.57
7941.95
2935.01
5757.44
1386.2
465.13
8762.03
7363.58
5104.14
2588.37
6796.13
3159.56
8249.42
8161.29
4906.1
9661.34
485.318
8682.69
5446.96
7500.68
1706.9
8447.61
4031.13
1369.96
7677.18
9134.13
6178.69
9740.37
6502.94
7930.65
5441.31
9595.22
8071.67
1210.04
1709.99
1668.05
5164.32
1584.55
5328.34
9657.0
5674.1
6423.71
2016.02
2547.75
4623.35
9103.04
3937.42
5879.85
8015.55
7744.68
9103.9
2951.32
148.701
1858.47
1318.05
3361.65
6327.85
751.456
8709.51
8533.17
8402.27
4299.82
1105.42
8499.0
6440.95
9375.96
5133.4
6519.6
6984.73
5746.76
3110.34
8214.48
802.846
7598.98
758.542
9007.96
7169.25
2075.36
1736.69
2222.01
904.704
6351.67
3852.35
5559.25
4006.86
8037.99
9407.95
7085.13
6219.26
2397.95
2138.32
8641.26
6571.91
2013.22
1608.44
9680.11
890.154
2600.15
4268.2
9432.52
1017.07
6345.41
6002.41
1676.51
8100.22
116.233
2663.98
7287.33
6390.37
327.789
6207.64
4223.19
1967.87
1071.77
4023.1
4171.8
6030.27
7348.31
709.966
7037.82
7789.28
6498.78
5031.95
3434.22
7734.04
8839.46
7338.46
3779.41
3155.37
8288.77
4808.36
1793.09
7539.86
650.197
8864.67
9667.52
7266.5
8025.04
7033.01
4202.26
6277.62
8014.31
236.324
1141.03
7492.7
1345.04
6904.29
911.152
8949.14
8357.09
5442.22
1661.48
4059.43
6197.75
4839.01
1410.92
3424.14
5032.58
4712.69
5602.84
8202.99
2471.18
1903.7
2920.77
9266.18
5268.59
6945.1
5045.32
5161.55
7825.53
5112.86
1503.23
1831.02
8038.66
2261.85
4229.73
5301.5
9324.6
3496.39
9526.66
6874.98
7584.94
4622.76
2412.04
8910.82
3942.77
7376.99
5111.03
3950.49
1288.94
5068.36
8223.73
6512.49
1320.86
3113.95
653.806
1304.0
168.678
9836.2
7102.7
5127.74
2160.75
6363.01
2640.62
654.935
891.259
2032.29
9524.98
870.028
7774.32
8685.47
7634.61
5991.71
1433.93
3095.41
7154.84
3352.58
8191.59
9602.51
3026.64
8059.22
2771.91
8374.75
6577.74
9048.92
952.622
3873.4
3139.58
8408.17
5353.26
398.579
5560.13
3385.66
8498.52
1.75478
1832.78
9871.44
2133.3
6363.02
1664.52
989.12
4485.51
4012.18
887.152
8472.09
3094.86
5506.9
4417.72
8360.49
5737.48
848.51
4799.0
6087.94
1156.3
9380.02
5892.51
7213.37
327.323
981.13
2285.13
2453.81
2290.01
9392.71
4520.45
6681.2
3044.21
5684.83
6339.76
7231.02
9263.31
8788.29
9658.32
7432.64
6118.12
3752.73
9744.44
1178.36
4273.77
1428.6
4781.18
2972.78
2575.28
5601.93
3661.15
6433.06
4807.8
1385.54
434.461
1387.08
5260.48
8400.06
6808.22
2161.49
2560.06
8120.19
1505.85
4.37074
6.12552
1838.9
1710.34
3843.64
206.661
1871.18
2860.3
7345.82
1357.99
2245.15
717.241
3812.1
9319.0
3736.72
2097.21
7834.7
8683.21
3482.2
9570.14
726.437
106.459
5998.97
3212.35
3539.67
4520.8
6805.93
9259.74
1549.75
942.463
5462.91
2144.11
5188.32
873.148
7212.91
4443.93
3707.24
2495.54
2153.86
9586.5
5704.62
9457.35
9201.78
380.147
4653.91
6082.52
863.703
3836.48
6411.76
2013.69
5674.83
2107.89
6915.69
8301.23
8735.69
122.778
5383.26
3783.31
591.535
2753.02
5313.09
3433.28
4939.13
4943.5
4949.62
6788.53
8498.87
2342.51
2549.17
4420.35
7280.66
4626.48
5984.47
8229.61
8946.86
2758.95
2077.95
5814.67
7911.88
5746.58
4429.78
7911.99
7482.13
8208.56
8315.02
4314.0
7526.34
1066.01
5586.81
2392.74
1652.49
3202.24
4144.7
9607.62
1751.73
6940.05
7813.2
5026.11
9470.04
3177.29
5672.83
7826.69
7413.19
3117.81
2575.16
1776.94
2157.09
6811.0
2893.52
3757.22
7593.7
4005.46
6019.15
1693.98
3801.87
717.561
9018.79
7754.49
7877.27
3260.52
7043.84
7635.37
388.392
5701.48
9134.75
4073.88
9017.38
3967.0
755.526
9254.39
1596.9
4146.07
8566.42
5847.08
473.558
6458.03
4687.64
3634.5
6393.45
8471.4
4286.07
2197.95
7944.53
2374.32
286.303
7768.43
5976.99
4292.02
8606.02
6132.36
7198.37
2785.18
5177.93
6830.42
32.6575
4177.36
3784.98
5536.71
2476.76
289.954
5316.06
4786.1
7963.39
3636.22
1462.9
8876.09
1993.9
4569.06
6346.0
8503.09
5314.09
8207.61
1964.84
9558.54
3564.0
9583.15
1277.13
5079.0
5796.56
4815.35
2569.84
447.109
3707.63
751.468
8386.84
8775.23
4476.71
3611.46
7685.34
6702.72
669.722
1425.25
679.643
2276.55
6422.62
4989.04
836.122
1309.68
7767.71
2455.35
6089.85
2483.3
954.702
5240.78
7438.73
5383.26
7757.58
8043.88
5812.31
1789.31
6081.33
4687.34
819.701
8018.07
803.257
5981.19
2811.6
2844.26
7021.62
806.599
6343.31
8820.07
9110.02
4426.08
9212.18
7175.57
811.79
2274.69
1150.78
3144.68
7713.74
4059.74
2562.83
7876.92
6084.53
8049.37
7607.91
1171.92
755.069
2032.2
7111.2
2907.76
7723.12
292.96
740.069
4447.7
5199.17
3586.01
2361.24
6837.95
449.413
8134.76
4837.48
5507.2
6932.45
7612.09
9888.64
6311.25
1300.29
2136.41
3446.09
1213.8
3669.15
9759.0
2242.29
3197.0
8437.77
5876.5
1259.77
9017.34
7061.23
2873.54
4662.85
744.172
5431.51
6251.21
4269.29
5072.54
1053.73
3865.33
6709.59
3731.21
4537.81
881.118
9701.18
8811.2
3237.28
2449.47
9625.04
436.833
2711.52
3862.31
7006.99
4720.72
8780.46
1343.29
9220.21
5304.74
3354.11
962.028
2133.95
2889.01
4921.21
2032.42
4940.18
2663.29
2956.25
3696.32
8144.02
3343.19
6929.2
9290.44
6128.39
6577.81
4712.56
9550.04
5057.24
1989.69
9601.78
9490.42
5801.67
7101.96
9238.38
2684.47
3898.28
7567.43
7326.42
9568.72
2765.71
1203.49
7079.99
8339.75
7357.1
4418.33
7291.87
1954.71
2698.88
8130.4
4381.61
8650.9
3723.44
4777.17
8642.5
5352.09
9083.31
3621.12
4502.23
4203.42
3014.62
6251.9
8701.37
8326.42
8763.25
1474.77
5337.08
2344.06
7064.79
5845.25
7188.54
6408.75
1713.49
5067.6
6029.63
8163.57
1052.59
5973.8
8006.22
2946.4
5609.69
8565.94
2262.26
406.287
3749.48
678.684
9969.13
6097.52
2675.33
7387.9
6937.94
1995.18
3984.87
3586.66
3077.07
8878.75
5980.71
5219.09
7903.56
1801.84
9369.26
6695.69
6264.4
9030.12
233.605
7313.59
5653.35
3010.45
7428.77
4720.64
6675.35
9374.23
7504.63
1886.25
537.145
4260.59
9037.76
7680.27
3032.36
2115.67
5736.78
239.015
4442.43
7457.05
3708.96
2410.33
736.744
9499.99
974.765
6311.84
8655.91
5720.7
1565.95
8754.49
5163.23
6876.72
1944.32
7973.95
6137.53
7190.12
3163.92
1170.14
4116.53
9726.22
8292.16
554.425
960.712
4710.19
5388.88
5358.01
1455.53
4130.86
1518.76
8456.7
451.881
4436.76
8023.41
1100.49
9979.23
5959.94
1179.03
9082.59
884.429
253.692
6949.38
3213.78
2243.9
2477.5
9791.1
5444.45
8454.89
5883.67
604.306
7279.66
6653.89
4158.52
6044.77
6581.91
842.502
9880.26
7560.53
592.89
2708.56
8445.34
8684.35
3126.78
583.836
4292.79
6703.12
7439.86
6939.86
7914.62
4226.46
2882.37
8603.07
169.014
8923.5
4086.73
963.454
2907.78
881.729
7019.25
4209.37
7373.29
8543.42
2659.96
2386.18
678.339
1232.76
2193.48
6903.67
2292.55
7650.55
9106.08
3236.95
4755.71
3212.41
3664.29
8101.04
6124.45
7224.94
7204.17
3164.11
4343.14
3425.73
4310.16
4563.85
1513.23
4727.01
6970.91
9448.41
9239.51
4683.96
3138.85
9022.52
9626.82
6906.48
3560.37
7718.89
3763.66
345.575
1188.08
1068.34
8628.87
9221.76
1930.32
375.655
9060.01
2186.79
2770.63
7063.42
3766.54
1206.4
8146.26
6060.88
287.345
3169.72
1772.78
1941.8
865.297
4952.03
5915.49
8823.26
9704.99
6724.25
933.616
8306.9
6850.33
9510.29
1896.46
2574.8
3807.57
6001.04
2904.71
5197.26
2847.81
1953.9
5190.85
9946.55
3158.96
6823.25
4924.29
1048.74
8273.68
5477.85
8641.97
2985.11
6410.84
721.0
5284.85
6798.08
1525.1
8496.01
7944.42
7183.93
1867.88
5006.73
4029.25
3656.07
562.552
4122.92
1841.81
5605.48
5951.05
7139.13
8207.47
6836.34
6058.1
7988.42
8364.07
7424.08
9610.87
2381.5
9444.92
3211.46
4417.86
2564.12
8625.01
8912.35
2082.07
3854.85
5796.65
6661.95
1613.98
7529.46
6352.72
6057.71
2781.96
3715.58
2022.48
8872.81
8383.09
279.556
2854.36
6661.92
2662.97
5567.68
764.938
3612.75
5566.65
757.498
704.051
3863.01
686.258
5610.55
6659.29
4932.97
410.826
9052.79
2037.9
8448.74
9169.74
4454.59
1252.67
2777.77
1273.78
9218.19
6402.12
8270.01
3276.74
7305.99
962.065
1524.62
5647.54
7489.35
3094.83
9045.88
6185.01
4392.48
1228.82
7286.92
5275.33
3639.41
1063.49
674.359
3055.86
2500.78
5712.24
130.103
2694.23
1319.23
231.585
2313.65
6168.5
1965.15
8627.1
241.076
7770.54
4123.26
180.975
2962.93
6678.51
8700.99
7573.8
5956.89
6236.45
9090.8
5752.73
8415.69
3983.37
4748.31
8361.06
3927.71
4685.21
5389.26
9252.27
9938.53
5549.08
2208.37
7141.34
7552.17
6604.96
8642.86
7091.6
6261.33
715.923
1968.6
4746.37
6020.14
5238.34
1640.46
9910.47
3187.21
493.201
1455.27
2979.88
8627.42
6116.78
9211.61
8257.49
4442.5
8834.98
63.7938
7350.71
2626.05
6265.45
7328.94
8003.3
1059.16
3559.94
9272.17
9402.28
2096.5
3415.74
3647.32
5960.98
2129.48
4094.64
2721.73
2962.81
733.347
4856.61
5037.58
8000.52
4679.03
3380.02
953.814
6910.7
3147.15
2237.95
7990.68
6406.37
389.746
5138.06
3499.12
7426.83
2112.04
7501.3
6753.58
6692.11
2241.19
4449.56
1590.9
9143.07
5748.03
4390.89
1482.48
7743.82
8459.74
428.336
5174.7
1194.85
6433.18
8073.65
7984.11
1171.32
1664.52
3119.79
6099.67
4727.1
843.874
55.4818
8312.97
2755.47
1590.45
1654.24
9004.95
1631.0
7896.45
5225.39
3228.69
4287.85
7847.79
7119.96
6522.24
8618.74
2034.48
5681.81
1642.78
3772.27
7866.9
588.636
3551.45
4284.79
9141.4
4178.98
2179.5
6858.53
238.548
1192.36
8103.07
1250.22
3488.17
1478.85
7885.22
8274.97
3413.03
6912.14
4338.98
6451.02
3952.32
705.897
7398.0
9639.19
4088.74
5679.64
4822.71
570.74
4961.63
6444.11
4187.93
2647.67
3076.0
8250.71
9445.55
5878.74
3952.38
1936.5
3107.82
4772.34
7892.13
3991.81
8718.91
9562.78
9618.26
7931.23
686.702
2277.15
3931.39
2936.34
4567.34
2463.79
7689.18
917.873
5205.72
3053.51
173.472
6695.71
5314.46
7348.94
3030.75
4673.53
8445.8
6312.7
6901.33
452.781
4737.57
3878.98
8057.96
237.463
7095.99
7334.54
8526.9
6629.97
7880.19
1368.36
2847.21
732.43
9007.4
2420.43
9332.57
3671.55
122.564
4074.88
4780.78
2178.78
1817.97
5906.72
1586.36
6409.07
6979.81
1941.44
8385.55
2573.48
5221.15
8297.15
6547.85
5993.41
1872.14
5824.53
7761.02
868.842
5641.19
3533.32
7525.13
6244.03
5806.81
5425.07
3356.31
4043.01
6320.16
251.545
3187.89
7755.22
219.012
7908.19
8826.07
4031.79
7085.3
7258.77
3954.48
9268.94
6617.88
9648.62
4322.15
2767.95
9080.65
5981.98
6434.76
1172.34
5051.31
3109.27
3346.74
442.73
7777.27
6304.18
2934.15
814.334
2182.69
5029.89
5762.32
4769.73
7190.15
6522.73
194.274
316.838
4391.72
9172.5
1351.29
3169.26
9075.98
662.345
7071.42
4051.23
5992.68
4378.23
6951.71
2172.85
470.0
7017.85
3011.26
4883.4
707.926
8468.95
9337.79
4978.98
8512.29
6037.42
2281.45
8088.27
3513.34
6869.65
912.653
7232.81
7484.35
672.239
8427.46
8646.47
6554.67
5380.73
9412.52
6497.82
3756.59
7711.07
6980.01
3597.89
3246.51
7568.66
336.61
9417.26
5399.24
1834.0
3006.34
8057.65
1166.92
4513.66
4956.39
2733.66
9037.84
1971.98
2786.32
4969.01
9998.9
5761.23
530.952
7721.11
4243.83
4438.11
4754.94
9146.67
8319.17
9670.46
2839.72
1915.7
2578.05
9649.47
3700.7
9693.38
4071.61
1023.31
3196.17
3666.17
684.021
3695.28
8578.68
9286.61
7755.55
7093.34
2072.32
584.614
6622.04
8903.49
6991.76
505.098
7374.74
8287.4
5520.2
3004.56
3676.8
2104.26
750.734
7305.4
2686.14
2098.66
8596.48
2353.07
64.1492
7044.16
642.049
3888.56
1457.22
1793.83
1211.09
6610.33
8444.33
1450.66
9508.31
675.232
5188.89
145.274
2878.93
1916.77
3888.75
6675.07
1644.08
1642.98
7404.21
7935.16
5656.27
9900.1
4338.2
9093.15
8239.81
6558.98
6229.44
9069.16
984.869
3562.92
3212.39
6913.09
6606.47
678.076
1701.39
4897.56
8563.72
9247.74
2943.02
1521.7
808.308
8563.86
5657.21
7729.53
8314.14
4936.18
3839.67
831.427
1336.52
8711.27
6998.66
2518.87
5523.43
9200.22
1304.48
2055.22
9360.62
2046.76
4145.42
2741.9
5094.97
5159.12
2203.28
2845.33
6733.89
8191.11
9984.94
1196.03
7806.36
6250.68
7701.35
7209.66
7884.89
3073.78
3219.05
6097.99
8014.76
1903.51
8578.59
222.667
1865.65
9269.86
7205.02
2861.29
2761.39
7099.59
6192.74
4432.55
991.533
7220.98
6290.14
7275.01
837.926